16384,0.50005
16386,0.5
8195,0.5
8197,0.5
8198,0.5
16391,0.5
16393,0.537231657606
16394,0.5
16395,0.5
16396,0.4995
8204,1.0
8206,1.0
16399,0.525711731136
16400,0.498874224269
16401,0.574948952666
16402,0.511887599522
16404,0.5
8213,0.55
16407,0.595
8215,0.5
16408,0.550812328892
8216,0.5
16410,0.5
8219,0.5
8221,0.55
8222,0.5
8223,0.5
8224,0.5
16417,0.5
16418,0.5
16419,0.494955
16420,0.5
8228,1.0
16422,0.4995
8230,1.0
8232,1.0
16425,0.5
16426,0.5
16428,0.499584418246
8239,0.5
8240,1.0
8241,0.5
16434,0.5
8242,0.45
8245,0.55
8246,1.0
8247,0.55
8248,0.505
8250,0.5
8254,1.0
16447,0.595
16448,1.0
8256,1.0
16449,0.5
16450,0.5
16453,0.6355
16454,1.0
16455,0.602505658667
16456,0.581150100731
16458,0.5
16461,0.5
16462,0.5
16464,0.5
8279,0.55
16471,0.5
16472,1.0
16473,0.495
16474,0.4995
16476,0.5
8285,0.5
16479,0.495
8287,0.55
8288,1.0
16480,0.4995
16482,0.498645
16488,0.5
8297,0.999191345365
8303,0.704755
8305,0.50064625895
16497,0
16498,0.5
8306,0.5
16500,0.5
8309,0
8311,0.496917448304
8312,0.45
8313,0.4974161
8314,0.5069125895
16506,0.5
8323,0.5
8324,1.0
8329,0.5
8330,1.0
8331,0.5
8332,0.5
8335,0
16529,0.496849821817
8337,0.5
8338,0.45
16531,0.5013122
16532,0.45
8340,0.45
16535,0.5
16537,0.82566077995
16538,0.499361625773
16539,0.55
16540,0.509218205
8351,0.500000000049
16544,1.0
16546,1.0
16548,1.0
8357,0.50045905
8359,0.5
8360,0.505
16553,0.5
16555,0.5
8363,0.55
16556,0.119537382998
16557,0.499641051006
8365,0.55
16558,0.14121476824
8366,0.5
8367,0.5
8368,0.5
16561,0.872906708584
16562,0.45
16563,0.843094701955
16564,0.5
16566,0.49938978671
8375,0.6355
8377,0.5
16570,1.0
8378,0.50000142319
16572,1.0
8381,0.595
8383,0.507919046476
8384,0.49999545
8385,0.5
8386,0.500060125895
16579,0.5
16580,0.5
16581,0.396455228396
8389,0.5
16582,0.156905298045
8390,0.45
8391,0.55
16584,0.295245
8392,0.499518320995
8394,0.49974161
16587,0.5
16588,0.45
16590,0.4547459912
8401,0.55
8402,1.0
8403,0.5
16596,1.0
8404,0.5
8407,0.55
8408,1.0
8409,0.49995
8410,0.499995
8412,0.5
16607,0.5
8415,0.5
8416,0.5
16609,0.49995
16610,0.4995
8418,0.5
16611,0.495
16612,0.5
16615,0.5
16616,0.5
16617,0.55
233,0
16618,0.5
16620,0.45
8429,0.55
8431,0.5
239,0
16624,1.0
8432,0.500000000026
241,0
16626,1.0
8435,0.7342795
8437,0.55
8438,0.5
8439,0.5
8440,0.5
16633,0.5
16634,0.5
16635,0.487182966329
16636,0.499995
8444,1.0
16638,0.499524483512
8446,1.0
8448,1.0
16641,0.5
16642,0.5
16644,0.499901438215
8453,0.5
8455,0.502615
8456,0.51355
8457,0.5
16650,1.0
8458,0.5
8461,0.55
8462,0.5
8463,0.55
8464,0.5140497295
8466,0.5
16659,0
16660,0.5
16662,0.45
8470,1.0
8472,1.0
16668,0.5
8479,0.5
8480,1.0
8481,0.5
8482,0.5
8484,0.5
8487,0.5
8488,0.5
8490,0.5
16687,0.5
16688,1.0
8496,1.0
16689,0.5
16690,0.5
16692,0.45
16695,0.5
16696,0.5
16698,0.5
16704,1.0
8513,0.5
8519,0.503583653777
16713,0
8521,0.500405
16714,0.5
8522,0.502907157988
16716,0.45
8525,0
8527,0.55
8528,0.45
8529,0.5
16722,0.5
8530,0.5
8537,0.55
8539,0.5
8540,0.5
8543,0
8545,0.494780806769
8546,0.45
8547,0.496844460117
8548,0.496387691361
8551,0
8553,0.5
8554,0.405
8556,0.45
8563,0.55
8564,1.0
8565,0.5
8566,0.505
8569,0
8571,0.5
8572,0.45
8574,0.45
8577,0
8580,0.5
16775,0
395,0
16781,0
16783,0
8591,0.5005
8593,0.5
401,0
8594,0.5
16787,0
403,0
16789,0
8597,0.495
16791,0
8599,0.500005
8600,0.499545
8601,0.5
8602,0.5
8605,0.5
8606,0.45
16799,0.595
8607,0.5
8608,0.5
16801,0.55
16802,0.5
8610,0.5
16805,0.5
16807,0.55
8615,0.5
16808,0.45
16809,0.5
8617,0.5
16810,0.45
8618,0.5
8619,0.5
8620,0.5
16813,0.67195
16814,0.5
16815,0.67195
8623,0.5
16816,0.45
8624,0.5
8625,0.49995
16818,0.45
8626,0.49999545
8628,0.4995
8631,0.5
8632,0.5
16825,0.5
16826,1.0
8634,0.5
16827,0.55
16828,0.5095
16831,0.5
16832,1.0
16833,0.55
8641,0.5
449,0
16834,0.5
8642,1.0
8643,0.5
16836,0.5
8644,0.5
8646,0.5
16839,0.55
455,0
16840,0.45
8649,0.5
457,0
16842,0.50102945566
8650,0.5
8652,0.5
8658,0.5
467,0
16853,0.76085155
16855,0.5
16856,0.5
473,0
16859,0.5
475,0
16861,0.5
8669,0.55
16862,0.45
16863,0.5
8671,0.5
479,0
16864,0.5
8672,0.505
8673,0.5
481,0
8674,0.5
16867,0.67195
483,0
16868,0.5
16869,0.5
8677,0.5
16870,0.5
8678,0.5
8679,0.5
16872,0.5
8680,0.5
8682,0.501143839623
16877,0.5
8686,1.0
16879,0.595
16880,0.5
8688,1.0
16881,0.5
16882,0.5
16885,0.5
16886,0.5
16887,0.6355
8695,0.5
16888,0.5
8696,0.5
8697,0.5
16890,0.5
8698,0.5
8700,0.5
16893,0.67195
16894,0.608626802909
8703,0.5
16896,0.5
8704,0.5
8706,0.5
16903,0.5
16904,1.0
8712,1.0
16905,0.55
16906,0.5
16908,0.5
16911,0.55
16912,0.5
16914,0.51012095
8722,1.0
8724,1.0
16920,0.5
8730,1.0
16933,0.5
16934,1.0
16935,0.5
16936,0.5
16939,0.5
16940,1.0
16941,0.7342795
557,0
16942,0.5
16944,0.5
563,0
16948,1.0
565,0
16950,1.0
16957,0.5
16958,1.0
16959,0.5
16960,0.5
16962,0.5
16965,0.5
16966,0.5
16968,0.5
16974,1.0
16983,0
16984,0.5
16986,0.405
16992,0.5
611,0
617,0
619,0
8819,0.5
629,0
17015,0.7342795
17017,0.55
8825,0.55
17018,0.00527195381548
635,0
8827,0.5
8828,1.0
17021,0.5
637,0
17023,0.55
17024,0.2657205
17025,0.5
641,0
17026,0.45
643,0
17029,0.5
645,0
17030,0.405
17031,0.67195
17032,0.45
17034,0.5
17039,0.595
17041,0.595
17042,0.525745
17043,0.55
17044,0.511147808274
17047,0.55
17048,0.45
17049,0.67195
665,0
17050,0.497763567358
17052,0.5
17055,0.67195
671,0
17056,0.5
673,0
17058,0.608626802909
17065,0.5
8873,0.55
17066,1.0
17067,0.5
683,0
17068,0.5
17070,0.5032805
8879,0.67195
17073,0.5
689,0
8881,0.55
17074,0.45
8882,1.0
691,0
17076,0.496765427
695,0
697,0
17082,0.5
699,0
8891,0.5
8897,0.5
8899,0.5
8900,0.5
17093,0.76085155
17095,0.595
8903,0.5
17096,0.68976088089
17097,0.5
8905,0.5
17098,0.5
8906,0.5
8907,0.5
8908,0.5
17101,0.5
17102,0.5
17103,0.6355
17104,0.5
17106,0.5
17109,0.5
17110,0.5
17112,0.5
17119,0.595
8927,0.5
17120,0.5
17121,0.6355
17122,0.561113700575
17124,0.5
8933,0.595
17127,0.6355
8935,0.5
17128,0.5
8936,1.0
17130,0.608838867475
17136,0.5
8945,0.5
8951,0.872906708584
17145,0
8953,0.980923978776
17146,0.5
8954,0.5
17148,0.5
8957,0.5
8959,0.5
8960,0.5
8961,0.6355
17154,0.5
8962,0.5
8969,0.5
8971,0.6355
8972,0.5
8975,0.5
8977,0.500000004894
8978,0.4638777696
8979,0.55
8980,0.500000000286
17173,0.5
17174,1.0
17175,0.7342795
8983,0.500000249422
17176,0.5
8984,0.500000132807
8985,0.500000000015
17178,0.5
8986,0.4963153424
8988,0.5
17181,0.7342795
17182,0.5
17184,0.666778320829
17190,1.0
17199,0
17200,0.5
17202,0.5
17208,0.45
9035,0.989862220205
9041,0.704755
9043,0.55
9044,1.0
9053,0
9059,0.499494760778
9061,0.5
9062,0.45
17255,0.55
17257,0.907348990557
9065,0.499958022501
17258,0.500833859085
17259,0.595
9067,0.5005
17260,0.5032805
9068,0.499861350039
9069,0.5
9070,0.5
17263,0.55
17264,0.5
17265,0.5
881,0.5
17266,0.505
17268,0.529795
887,0.5
17272,1.0
889,0.5
17274,1.0
890,1.0
17281,0.932457414116
9089,0.55
17282,0.5
17283,0.897054433953
17284,0.5
17286,0.5
9095,0.67195
17289,0.5
9097,0.55
17290,0.5
9098,1.0
17292,0.5
17298,1.0
9107,0.482805
9113,0.584706536445
17307,0
9115,0.523555998515
17308,0.5
9116,0.504817155
17310,0.32805
9119,0.651635498616
9121,0.515235561023
9122,0.619998381893
9123,0.49333351691
17316,0.5
9124,0.494748325489
935,0.5
9131,0.5
941,0.5
9133,0.5
9134,0.45
943,0.5
944,1.0
9137,0.5005
9139,0.504737339768
9140,0.498816405
9141,0.5
9142,0.497696316989
17335,0.5
17336,0.5
17337,0.5
953,0
9145,0.5
17338,0.5
9146,0.5
9147,0.5
17340,0.5
9148,0.499285
9150,0.497311882937
17343,0.5
959,0.5
17344,0.5
961,0.5
17346,0.5
962,0.5
965,0.5
967,0.5
17352,1.0
968,0.5
969,0.55
9161,0.5
970,0.5
9167,0.8062897555
17361,0
9169,0.964105100615
17362,0.5
9170,0.5
17364,0.45
9173,0.8062897555
9175,0.5047895305
9176,0.53562295
9177,0
17370,0.5
9178,0.45
9185,0.8062897555
9187,0.987484222475
9188,0.5
9191,0.843094701955
9193,0.5000000085
9194,0.500000003979
9195,0.987484222475
9196,0.500000043253
9199,0.734388246766
9200,0.5
9201,0.500000001198
9202,0.499150760998
9204,0.45
9209,0.5
9211,0.704755
9212,0.5
9213,0.55
9214,0.505
9217,0.67195
9218,0.5
9219,0.8062897555
9220,0.500000041447
9222,0.5
17415,0
17416,0.5
9225,0.595
17418,0.5
9226,0.504544308338
9228,0.500000000161
17424,0.5
1043,0.55
1049,0.595
1051,0.55
1052,1.0
9251,0.5
9257,0.5
9259,0.5
9260,1.0
9269,0
9275,0.5
9277,0.503623
9278,0.5
9281,0.55
9283,0.55
9284,0.5
9285,0.595
9286,0.517195
1097,0.784766395
9293,0
9295,0
1103,0.67195
1105,0.595
1106,1.0
9299,0.5
9301,0.495
9302,0.45
9303,0.5
9304,0.45
9307,0.5
1115,0.5
9308,0.45
9309,0.5
9310,0.5
9312,0.5
1121,0.5
1123,0.5
1124,0.45
1127,0.5
17513,0
1129,0.5
1130,0.5
9323,0.5
1131,0.5
1132,0.5
17519,0
17521,0
9329,0.5
9331,0.5
9332,0.5
9335,0.55
9337,0.55
9338,0.5
17531,0
9339,0
9340,0.5
1151,0.5
17537,0.5
17539,0.478305
9347,0.5
17540,0.45
9349,0.5
1157,0.5
9350,0.45
17543,0.5
1159,0.5
1160,1.0
17545,0.5
9353,0.5
17546,0.00140728039409
17547,0.5
9355,0.542709101368
17548,0.000589509228887
9356,0.5
9357,0.5
9358,0.49871299105
9361,0.55
1169,0.387605138471
9362,0.499983512855
17555,0
9363,0.55
9364,0.499067817145
17557,0
9366,0.45
1175,0.63001134262
17561,0.5
1177,0.5
1178,0.45
17563,0.5
9371,0.5
17564,0.45
17565,0.5
9373,0.55
1181,0.5
17566,0.45
9374,0.5
9375,0.5
1183,0.7342795
9376,0.5
1184,0.5
17569,0.5
1185,0.67195
17570,0.5
1186,0.5
17571,0.5
9379,0.5
17572,0.5
9380,0.5
9381,0.5
17574,0.5
9382,0.4995
9384,0.5
1193,0.5
9387,0.5
1195,0.5
9388,0.5
1196,0.32805
9390,0.5
1199,0.5
17585,0.5
1201,0.55
1202,0.5
1203,0.5
1204,0.5
17591,0.5
1207,0.5
1208,0.5
17593,0.55
9401,0.6355
1209,0.55
17594,0.5
1210,0.5
9403,0.5
9404,0.5
1212,0.5
17597,0.6355
17599,0.5
9407,0.6355
17600,0.5
17601,0
9409,0.5
17602,0.5
9410,0.5
9411,0
9412,0.45
9415,0.5
9416,0.5
17609,0.5
9417,0
9418,0.3645
17611,0.5
17612,0.5
17615,0.55
17617,0.596093332964
9425,0.5
17618,0.5
17619,0.5
9427,0.595
17620,0.4987575
9428,0.5
9429,0.5
9430,0.5
17623,0.5
17624,0.5
17625,0.5
9433,0.55
17626,0.5
9434,0.5
9435,0.595
17628,0.5
9436,0.500000000006
9438,0.5
17633,0.55
9441,0.5
9442,0.5
17635,0.5
17636,0.5
9444,0.45
17637,0.5
17638,0.5
17641,0.5
17642,0.505
17643,0.500000001373
1259,0.595
17644,0.5
9452,1.0
17646,0.5
9454,1.0
9456,1.0
17649,0.5
1265,0.5
17650,0.5
1267,0.5
17652,0.5
1268,1.0
9460,1.0
9462,1.0
9468,1.0
1277,0.5
17666,1.0
1283,0.55
1285,0.5
1286,0.5
17671,0.7342795
17672,1.0
1289,0
17674,1.0
1291,0.5
1292,0.5
17677,0.5
1293,0
17678,1.0
1294,0.5
17679,0
17680,0.5
17689,0.76085155
17690,1.0
17692,1.0
17695,0.885616037725
17696,1.0
17697,0.7342795
1313,0.5
17698,0.667588089079
17700,1.0
17703,0.5
1319,0.5
17704,0.5
1321,0.5
17706,0.5
1322,1.0
17713,0.76085155
9521,0.993348602676
17714,1.0
17715,0.6355
1331,0.497255
17716,0.5
17718,1.0
9527,0.7342795
17721,0.5
1337,0.5
9529,0.55
17722,0.5
9530,1.0
1339,0.48645
17724,0.5
1340,0.5
1343,0.5
1345,0.5
17730,0.5
1346,0.5
1347,0.4709745
9539,0.55
1348,0.45
9545,0.55
1355,0.5
9547,0.5014
9548,0.5095
1357,0.5
1358,0.5
9551,0.5
1361,0.5
9553,0.50045905
9554,0.505
17747,0
1363,0.55
9555,0.5
1364,0.5
9556,0.5
1365,0.5
1366,0.45
17753,0.495
1369,0.55
1370,0.5
17755,0.5
1371,0.5
17756,0.5
1372,0.5
1374,0.45
17759,0.6355
17761,0.997423112396
17762,0.45
17763,0
17764,0.5
9575,0.5
1385,0.5
17771,0
17773,0
9581,0.704755
1391,0.5
9583,0.55
9584,1.0
17777,0.500360609866
1393,0.5
1394,0.5
17779,0.50114935585
17780,0.0091240018157
17781,0.3953389599
1397,0.5
17782,0.00665139732365
1399,0.55
1400,0.5
17785,0.991788398366
1401,0.5
9593,0.5
17786,0.500675425859
1402,0.5
17787,0.997423112396
17788,0.500189478162
17790,0.2657205
9599,0.589721676987
1409,0.55
9601,0.507830426344
9602,0.5
17795,0
1411,0.5
1412,0.295245
17797,0
9605,0.655561470713
17799,0
1415,0.5
9607,0.510297894748
9608,0.628474340486
1417,0.55
9609,0.52720313734
1418,0.45
9610,0.512727431003
17803,0.49784766395
1419,0.55
17804,0.45
1420,0.45
17805,0.5
17806,0.0112641997725
1423,0.5
17808,0.23914845
1424,0.5
1425,0.5
9617,0.5
1426,0.5
17811,0.55
9619,0.495
17812,0.5
1428,0.405
9620,0.5
17814,0.501937102445
9623,0.5
9625,0.505405573394
9626,0.5
9627,0.5
1436,1.0
9628,0.5
1438,1.0
9631,0.5
9632,0.5
17825,0.5
9633,0.5
1442,1.0
9634,0.5
17827,0.5
17828,0.5
1444,1.0
9636,0.5
1446,1.0
17831,0.5
17833,0.49995
17834,0.4995
1450,1.0
17835,0
17836,0.5
1452,1.0
17839,0.5
9647,0.5
17840,0.543646
17841,0
17842,0.45
9653,0.5
9655,0.55
9656,0.5
17849,0.5
17851,0.523893627959
9659,0.784766395
17852,0.5
17853,0.5
9661,0.5
17854,0.5
9662,0.5
9663,0.67195
9664,0.5
17857,0.5
17858,0.498778377576
17859,0.491721621676
17860,0.49618161318
17862,0.45
9671,0.55
17865,0.5
9673,0.55
17866,0.5
9674,0.5
17868,0.45
9677,0.5
9679,0.706757517015
9680,0.5
9681,0.55
9682,0.5
17875,0.5
17876,0.5
17877,0.447791895
9685,0.76085155
17878,0.45
9686,0.5
9687,0.55
17880,0.3645
9688,0.5
9690,0.573615667495
17883,0.495
17884,0.5
17886,0.484140163109
9695,0.5
9697,0.497386967508
9698,0.45
9699,0.595
17892,0.5
9700,0.45
9703,0.5
9704,0.5
9705,0.508420924333
9706,0.5
9708,0.506761929531
9711,0.5
9712,0.5
17905,0.6355
17906,1.0
9714,0.5
17908,1.0
17911,0.85878523176
17912,1.0
17913,0
17914,0.5
17919,0
17920,0.45
1537,0.5
1538,1.0
17929,0.6355
9737,0.988735800228
17930,1.0
17931,0.67195
17932,0.573615667495
17934,1.0
9743,0.76085155
17937,0.298786698407
9745,0.55
17938,0.376928289404
9746,1.0
17940,0.3645
17946,0.215233605
9755,0.500000000199
9761,0.500000994848
17955,0
9763,0.500000017623
17956,0.5
9764,0.500000001972
17958,0.405
9767,0.500000124022
9769,0.500002121426
9770,0.500000564674
9771,0.498286722818
17964,0.23914845
9772,0.496959801285
1583,0.5
9779,0.55
1589,0.5
9781,0.5
9782,0.00598625759128
1591,0.5
1592,1.0
9785,0.55
9787,0.499859267868
9788,0.498842506314
9789,0.500000000248
9790,0.500000001943
9793,0.487755
9794,0.32805
17987,0
9795,0.500089359466
9796,0.496231996936
17989,0
9798,0.3645
17993,0.704755
1609,0.5
1610,1.0
17995,0.5
17996,0.45
17997,0
17998,0.5
1615,0.5
1616,1.0
1617,0.5
9809,0.5
18002,1.0
1618,0.5
18004,1.0
9815,0.616901927485
9817,0.504073875143
9818,0.5
18011,0
18013,0
9821,0.680769211947
18015,0
9823,0.510309711989
9824,0.652097374289
9825,0.495
9826,0.4995
18019,0.5
18020,0.45
18021,0.55
1637,0.5
18022,0.0140454836669
18024,0.2657205
9833,0.571380939111
9835,0.503856678575
18028,1.0
9836,0.49950045
18030,1.0
1646,1.0
9839,0.537004975793
9841,0.515770220846
9842,0.500000526772
9843,0.50324519864
9844,0.500000082228
18037,0
18039,0
1655,0
9847,0.514133871149
9848,0.5
9849,0.513208803024
9850,0.500004896704
9852,0.5000005
18045,0.5
1661,0.7342795
18046,0.45
1663,0.5
18048,0.45
1664,0.5
9857,0.5
9859,0.503523
9860,0.5
9861,0.5
18054,1.0
1670,1.0
9862,0.4995
1672,1.0
9865,0.502065
9866,0.5
9867,0.50197283524
9868,0.499694585171
9870,0.5
18065,0.67195
1681,0
9873,0.5
9874,0.5
18067,0.5
18068,0.45
9876,0.4996
18069,0
18070,0.5
1687,0.5
1688,1.0
18073,0.5
1689,0.5
18074,0.58384922005
1690,0.5
18075,0
18076,0.45
1694,1.0
9887,0.55
1696,1.0
9889,0.55
18082,1.0
1698,1.0
9890,0.5
9893,0.5
9895,0.691242071847
9896,0.5
9897,0.55
9898,0.504089246018
18091,0.5
18092,0.5
18093,0.5
9901,0.76085155
18094,0.45
9902,0.741924354652
9903,0.55
18096,0.5
9904,0.5
9906,0.5
18099,0.5
18100,0.5
18102,0.45
9911,0.55
9913,0.505402762875
9914,0.500999804685
9915,0.55
18108,1.0
9916,0.50427884258
9919,0.694604703041
9920,0.5
9921,0.506751529719
9922,0.499999732933
9924,0.504370081217
18117,0
18118,0.5
9927,0.7342795
18120,0.3645
9928,0.727030689687
9930,0.500037146221
18126,0.45
1745,0.55
9937,0.55
9938,0.5
9939,0.55
9940,0.499832382689
9942,0.5
1751,0.5
1753,0.55
9945,0.55
1754,1.0
9946,0.5
9948,0.507480642358
18145,0.5
18146,1.0
9954,0.5
18147,0
18148,0.5
18153,0
18154,0.405
1771,0.5
1772,1.0
1777,0.5
1778,1.0
1779,0
9971,0.5
1780,0.5
9977,0.5005
18171,0
9979,0.5005
18172,0.5
9980,0.5
18174,0.5
9983,0.5
9985,0.55
9986,0.505
9987,0.55
18180,0.215233605
9988,0.505
1799,0.5
9995,0.500383700402
1805,0.5
9997,0.5
9998,0.00598625759128
1807,0.5
1808,1.0
10001,0.499938341804
10003,0.500000000026
10004,0.498108541962
10005,0.499321586402
10006,0.499814472787
1817,0.67195
10009,0.55
10010,0.405
10011,0.55
10012,0.495610000614
10014,0.45
1823,0.5
1825,0.5
1826,0.5
10019,0.5
1829,0.8062897555
10021,0.50412825
10022,0.45
1831,0.55
10023,0.5
1832,0.5
10024,0.5
1833,0.5
1834,0.5
10027,0.5
10028,0.45
10029,0.48063711592
10030,0.492109119247
10032,0.32805
1843,0.5
10035,0.5
1844,1.0
10036,0.45
10038,0.45
18233,0
1849,0.5
1850,1.0
1851,0.5
1852,0.5
18239,0
1855,0.5
1856,1.0
18241,0
1857,0.5
10049,0.5
1858,0.5
10051,0.5005
1860,0.5
10052,0.5
18245,0
18247,0
10055,0.49995
18249,0
10057,0.501583615687
10058,0.5
10059,0.494955
10060,0.4995897795
1871,0.5
10063,0.55
10064,0.5
18257,0.5
10065,0.55
10066,0.503385728091
18259,0.5
18260,0.5
10068,0.45
1877,0.76085155
18263,0.55
1879,0.5
1880,0.5
18265,0.989862220205
10073,0.5
18266,0.45
18267,0.55
10075,0.509426777925
18268,0.45
10076,0.5
10077,0.5
1886,1.0
10078,0.5
18271,0.5
18272,0.5
1888,1.0
18273,0.55
10081,0.505508016566
18274,0.3645
10082,0.499995
10083,0.501092282306
18276,0.45
10084,0.500000000431
10086,0.5
1895,0.76085155
18281,0.5
1897,0.5
10089,0.55
1898,0.295245
10090,0.508705894
18283,0.5
18284,0.5
10092,0.5
18285,0.55
1901,0.76085155
18286,0.45
1903,0.55
1904,0.696869947801
18289,0.5
1905,0.5
18290,0.5
1906,0.5
18291,0.55
10099,0.55
18292,0.5
10100,0.5
10101,0.55
18294,0.50295245
1910,1.0
10102,0.513784215045
1912,1.0
10104,0.5
18297,0.55
18298,0.50102945566
1914,1.0
10107,0.55
18300,0.5
10108,0.5
10110,0.499695075
1921,0.5
1922,1.0
1923,0.5
1924,0.5
10116,0.5
18311,0.5
1927,0.5
1928,1.0
18313,0.5
1929,0.5
18314,0.5
1930,0.5
1932,0.5
18317,0.5
18319,0.595
10127,0.5
18320,0.5
1936,1.0
18321,0.5
10129,0.5
18322,0.5
1938,1.0
10130,0.5
10131,0.55
10132,0.505
18325,0.5
18326,0.5
18327,0.5
10135,0.5
18328,0.45
10136,0.5
10137,0.496
18330,0.5
10138,0.4996
10140,0.5
18335,0.5
10143,0.5
10144,0.5
18337,0.595
18338,0.5
10146,0.45
18339,0.5
18340,0.5
18343,0.595
18344,0.5
18345,0.595
1961,0.595
10153,0.5
18346,0.562705989137
10154,0.5
10155,0.5
18348,0.5
10156,0.5
10158,0.5
18351,0.5
1967,0.843094701955
18352,0.5
1969,0.5
10161,0.5
18354,0.5
1970,1.0
10162,0.5
10164,0.4995
18361,0.5
18362,0.5
10170,0.5
18363,0.5
1979,0.7342795
18364,0.5
18366,0.5
18369,0.5
1985,0.55
18370,0.5
1987,0.5
18372,0.5
1988,0.5
10180,1.0
10182,1.0
1991,0
1993,0.5
18378,0.5
1994,0.5
1995,0
1996,0.5
10188,1.0
2005,0.55
2006,1.0
18391,0.5
18392,1.0
18394,1.0
2011,0.5
2012,1.0
18397,0.885616037725
2013,0
18398,1.0
2014,0.5
18399,0.5
18400,0.5
2017,0
18402,1.0
2019,0
2020,0.5
18405,0.5
18406,0.5
18408,0.5
18415,0.885616037725
10223,0
18416,1.0
18417,0.5
2033,0.5
18418,0.5
18420,1.0
10229,0
18423,0.872906708584
2039,0.5
10231,0
18424,0.84533466872
2041,0.5
18426,0.5
2042,0.5
2045,0.5
2047,0.5
18432,0.5
2048,0.5
2049,0.5
10241,0.999410490771
2050,0.5
10247,0.704755
18441,0
2057,0.5
10249,0.5
18442,0.5
10250,0.5
2059,0.5
18444,0.405
2060,0.5045
10253,0.784766395
2063,0.5
10255,0.49157669841
10256,0.45
2065,0.5
10257,0.5
18450,0.5
2066,0.5
10258,0.45
2067,0.5
2068,0.5
2071,0.5
2072,0.5
2073,0.5
2074,0.5
10267,0.5
2076,0.405
10268,1.0
10273,0.55
10274,1.0
2083,0.5
10275,0.5
2084,1.0
10276,0.5
2085,0.5
2086,0.5
10279,0.55
10280,1.0
18473,0.5
2089,0.5
10281,0.497445055137
2090,1.0
10282,0.499453502253
18475,0.5
2091,0.55
18476,0.5
2092,0.505
10284,0.45
2094,0.5
18479,0.55
18481,0.976449356514
2097,0.5
18482,0.45
2098,0.5
18483,0.5
18484,0.45
2100,0.5
18487,0.5
10295,0.495
18488,0.32805
18489,0.595
18490,0.5
18492,0.5
10301,0.495
2111,0.5
10303,0.5
10304,0.5
18497,0.55
2113,0.5
2114,0.5
18499,0.960116778462
10307,0.784766395
18500,0.5
18501,0.5
2117,0.5
10309,0.595
18502,0.5
10310,0.5
2119,0.55
10311,0.5
2120,0.5
10312,0.5
18505,0.995151131351
2121,0.55
18506,0.507991776213
2122,0.5
18507,0.982831580899
18508,0.503527993341
18510,0.46583992296
2126,1.0
10319,0.6355
2128,1.0
18513,0.55
10321,0.495
18514,0.5
2130,1.0
10322,0.5
18516,0.5249755
10325,0.595
2135,0.5
10327,0.50710664497
10328,0.5
2137,0.55
10329,0.5
2138,0.5
10330,0.5
18523,0.5
2139,0.55
18524,0.5
2140,0.5
18525,0.55
10333,0.55
18526,0.45
10334,0.725868411809
2143,0.5
10335,0.55
18528,0.45
2144,0.5
10336,0.499637126939
2145,0.5
2146,0.5
10338,0.5
18531,0.5
18532,0.498062897555
2148,0.5
18534,0.50871547351
2152,1.0
10345,0.55
2154,1.0
10346,1.0
10347,0.5
18540,0.5
10348,0.45
10351,0.55
10352,1.0
10353,0.50491022
2162,1.0
10354,0.514149560735
2164,1.0
10356,0.5
2166,1.0
18551,0.5
10359,0.5
10360,0.5
18553,0.55
18554,0.5
2170,1.0
10362,0.5
18555,0.5
18556,0.5
2172,1.0
18559,0.5
18560,0.5
18561,0.5
18562,0.499995
2178,1.0
18564,0.5
10373,0.5
18567,0.55
10375,0.5
18568,0.505
10376,0.45
18570,0.5
10379,0.7342795
10381,0.5
10382,0.5
10383,0.5
10384,0.5
18577,0.55
18578,0.5
18579,0.55
18580,0.511288941968
10388,1.0
18582,0.5
10390,1.0
10392,1.0
18585,0.55
18586,0.5
18588,0.499621005011
10397,0.5
10399,0.5
10400,0.5
10401,0.55
18594,0.5
10402,0.5
10405,0.5
10406,0.5
10407,0.5
10408,0.5
10410,0.5
18603,0
18604,0.5
18606,0.45
10414,1.0
10416,1.0
18612,0.5
10423,0.5
10424,1.0
10425,0.4673295
10426,0.45
10428,0.405
10431,0.55
10432,0.5
10434,0.4999343895
18631,0.872906708584
18632,1.0
10440,1.0
18633,0.5
18634,0.5
18636,1.0
18639,0.85878523176
18640,0.824011716451
18642,0.45
18648,0.5
10457,0.5
10463,0.500000000163
18657,0
10465,0.496998785215
18658,0.45
10466,0.405
18660,0.5
10469,0.478305
10471,0.500245180893
10472,0.45
10473,0.5
18666,0.45
10474,0.45
10481,0.704755
10483,0.5005
10484,0.500000000009
10487,0.595
10489,0.499901429825
10490,0.50000000133
10491,0.5
10492,0.496394355703
10495,0.5
10496,0.405
10497,0.553278001645
10498,0.495749794618
10500,0.45
10507,0.55
10508,1.0
10509,0.5
10510,0.5
10513,0.55
10514,1.0
10515,0.489811783955
10516,0.495401388211
10518,0.32805
18713,0.5
10521,0.5
10522,0.45
18715,0.5
18716,0.45
10524,0.45
18717,0.5
18718,0.5
18721,0.5
18722,0.5
18723,0.5
2339,0.5
18724,0.5
18726,0.5
10535,0.623390643117
10537,0.5
2345,0.5
18730,1.0
10538,0.4995
2347,0.5
18732,1.0
2348,1.0
10541,0.59416064288
10543,0.510263902355
10544,0.4995818145
10545,0.5
10546,0.5
18739,0.5
18740,0.5
18741,0.55
10549,0.55
18742,0.17433922005
10550,0.4987575
10551,0.595
18744,0.45
10552,0.500545719577
10554,0.5
18747,0.5
18748,0.5
18750,0.505
10559,0.6355
10561,0.513197445681
10562,0.601708069383
10563,0.5
18756,1.0
10564,0.4995369
10567,0.507794573572
10568,0.562355616921
10569,0.506766077649
10570,0.499602233379
10572,0.5
18765,0
18766,0.5
10575,0.55
18768,0.32805
10576,0.5
10578,0.53155646346
18774,0.5
10585,0.55
2393,0.5
10586,1.0
10587,0.495
10588,0.511695
10590,0.5
2399,0.5
10593,0.495
2401,0.5
10594,0.50805
2402,1.0
10596,0.499545
18793,0.5
18794,0.5
10602,0.5
18795,0.5
2411,0
18796,0.5
18798,0.5
18801,0.5
2417,0.416550899254
18802,0.5
2419,0.67195
18804,0.5
2420,0.32805
10613,0.704755
10615,0.5
2423,0.5
10616,0.4995
10617,0.5
2425,0.5
18810,1.0
10618,0.5
2426,0.32805
2427,0.5
2428,0.5
10621,0.5
10622,0.658731094864
10623,0.5
10624,0.5
10626,0.5
18819,0
18820,0.5
18822,0.45
10630,1.0
10632,1.0
18828,0.5
10639,0.5
10640,0.5
10641,0.49735
10642,0.49915
10644,0.5095
10647,0.5
10648,0.5
10650,0.499735
10656,1.0
10665,0
10666,0.5
10668,0.5
10674,0.5
18873,0
18874,0.5
18876,0.5
18882,0.5
2501,0.5
10697,0.501567060283
10699,0.5005
2507,0.595
10700,0.5
2509,0.5
2510,1.0
10703,0.500704767828
10705,0.50099625555
10706,0.500000000009
10707,0.498448
10708,0.497492411031
10711,0.55
10712,0.45
10713,0.595
10714,0.502964114838
10716,0.45
10721,0.55
10723,0.5
10724,0.505247979875
10725,0.5
10726,0.5
10729,0.5005
10730,0.45
10731,0.5
10732,0.495366944127
10734,0.45
10737,0.5
10738,0.5
10740,0.45
10747,0.55
2555,0.55
10748,1.0
10749,0.4905
10750,0.5095755
10752,0.45
2561,0.67195
10755,0.5
2563,0.55
10756,0.5
2564,1.0
10758,0.45
10764,0.5
2573,0.5
2579,0.48876579
2581,0.5
2582,0.45
10775,0.5
10777,0.5
2585,0.5
10778,0.5
10779,0.5
2587,0.5
10780,0.5
2588,0.45
2589,0.5
2590,0.5
10783,0.5
10784,0.4995
10785,0.5
10786,0.5
10788,0.4995
10791,0.5
10792,0.5
18986,1.0
10794,0.5
18988,1.0
18992,1.0
10801,0.5
2609,0.5
18994,1.0
10802,0.5
10803,0.5
18996,1.0
10804,0.5
10806,0.5
2615,0.595
19000,1.0
10809,0.5
2617,0.5
19002,1.0
10810,0.5
2618,1.0
10812,0.5
19010,1.0
10818,0.5
2627,0.5
19012,1.0
19014,1.0
2633,0.500000000365
19018,1.0
10827,0
2635,0.955685309402
19020,1.0
10828,0.5
2636,0.0833859084983
10830,0.45
2639,0.495
2641,0.496
19026,1.0
2642,0.0750473176485
2643,0.6355
10836,0.45
2644,0.5
2651,0.5
2653,0.5
2654,0.5
19040,1.0
2657,0.5
19042,1.0
2659,0.82566077995
2660,0.0547094945658
2661,0.5
19046,1.0
2662,0.5
10855,0.5
19048,1.0
10856,0.5
10857,0.5
2665,0.595
19050,1.0
10858,0.5
2666,0.5
2667,0.55
10860,0.5
2668,0.45
19054,1.0
2670,0.5
10863,0.5
19056,1.0
10864,0.5
10866,0.505
19064,1.0
10872,1.0
19066,1.0
19068,1.0
19072,1.0
10881,0
19074,1.0
10882,0.5
10884,0.45
19080,1.0
10890,0.5
19090,1.0
19092,1.0
19098,1.0
2717,0.595
2723,0.55
2725,0.55
2726,1.0
19118,1.0
2735,0
19120,1.0
19122,1.0
2741,0.5
19126,1.0
2743,0.5
19128,1.0
2744,0.5
2747,0.5
2749,0.5
19134,1.0
2750,0.5
2751,0
2752,0.5
19144,1.0
19146,1.0
19152,1.0
2771,0.5
2777,0.5
2779,0.5
2780,1.0
10979,0.5
2789,0.5
10985,0.55
10987,0.55
2795,0.5
10988,1.0
2797,0.5
2798,0.5
2801,0.499324574141
2803,0.487566889037
2804,0.45
10997,0
2805,0.5
2806,0.45
11003,0.4930745
11005,0.5
2813,0.5
11006,0.45
2815,0.5
2816,0.5
11009,0.5
19202,1.0
11011,0.5005
2819,0.5
19204,1.0
11012,0.5
11013,0.5
2821,0.55
11014,0.505
2822,0.45
2823,0.5
19208,1.0
2824,0.5
19210,1.0
2827,0.5
19212,1.0
2828,0.45
2829,0.5
2830,0.45
19216,1.0
2832,0.5
19218,1.0
11033,0.595
19226,1.0
2843,0.55
19228,1.0
19230,1.0
11039,0.55
11041,0.5
2849,0.5
19234,1.0
11042,1.0
2851,0.5
19236,1.0
2852,0.3645
2855,0.5
2857,0.478305
19242,1.0
2858,0.3645
11051,0.5
2859,0
2860,0.45
11057,0.504523
11059,0.5
2867,0.55
19252,1.0
11060,0.5
2869,0.5
19254,1.0
2870,0.5
11063,0.5
11065,0.5
2873,0.5
11066,0.5
11067,0.5
2875,0.6355
19260,1.0
11068,0.5
2876,0.102945566047
2877,0.5
2878,0.5
2881,0.55
2882,0.45
11075,0.5
2883,0.5
2884,0.45
11077,0.5
11078,0.5
2886,0.5
11081,0.5005
11083,0.5
11084,0.5
11085,0.5
11086,0.5
2894,1.0
19280,1.0
2896,1.0
11089,0.5
19282,1.0
11090,0.5
11091,0.5
19284,1.0
11092,0.5
2900,1.0
11094,0.5
2902,1.0
19288,1.0
2904,1.0
19290,1.0
2908,1.0
2910,1.0
19296,1.0
11111,0.55
19306,1.0
11114,1.0
19308,1.0
11117,0.55
11119,0.5
11120,0.5
19314,1.0
11122,1.0
11129,0.595
11132,1.0
11135,0.872906708584
11137,0.885616037725
11138,0.521695
11140,1.0
11143,0.5
11144,0.5
11145,0.5
11146,0.5
11148,1.0
11153,0.704755
11155,0.67195
11156,0.5
11158,1.0
11161,0.5
11162,0.5
11163,0.67195
11164,0.500000000001
11166,1.0
19360,1.0
11169,0.5
19362,1.0
11170,0.5
11172,0.500000000001
19368,1.0
2987,0.5
2993,0.595
2995,0.5
2996,1.0
11195,0.595
11201,0.55
11203,0.5
11204,1.0
11213,0
11219,0.502360657205
11221,0.490080964395
11222,0.45
11225,0.500529044201
11227,0.500805
11228,0.50817157205
11229,0.426384332505
11230,0.476106372041
3041,0.5
11237,0
11239,0
3047,0.67195
3049,0.55
3050,1.0
11243,0.496355
11245,0.496391700591
11246,0.45
11247,0.5
11248,0.45
19442,1.0
11251,0.5
3059,0
19444,1.0
11252,0.5
11253,0.500193710244
19446,1.0
11254,0.496512439218
11256,0.3645
3065,0.5
19450,1.0
3067,0.495
19452,1.0
3068,0.45
3071,0.5
3073,0.5
19458,1.0
3074,0.5
11267,0.595
3075,0.5
3076,0.5
11273,0.5149236511
11275,0.595
19468,1.0
11276,0.5439521395
19470,1.0
11279,0.51051295
11281,0.4969854802
11282,0.5054248945
11283,0
19476,1.0
11284,0.5
3095,0.5
11291,0.5034295
11293,0.5
3101,0.5
11294,0.45
3103,0.5
3104,1.0
11297,0.500212864084
11299,0.502371040173
11300,0.500973344948
11301,0.55
11302,0.49445422761
11305,0.5
3113,0
11306,0.5
11307,0.5
11308,0.496786321045
11310,0.45
3119,0.5
3121,0.5
3122,0.5
11315,0.50109265
11317,0.5
3125,0.5
11318,0.5
11319,0.5
3127,0.5
11320,0.5
3128,0.5
3129,0.67195
3130,0.5
11323,0.500000001295
11324,0.498227068391
11325,0.5
11326,0.497714998723
11328,0.5
3137,0
19522,1.0
11331,0.5
3139,0
19524,1.0
11332,0.5
11334,0.5
3143,0.5
3145,0.48645
19530,1.0
3146,0.45
3147,0.55
3148,0.5
3151,0.5
3152,0.5
11345,0.55
3153,0.55
3154,0.505
11348,1.0
3156,0.5
11351,0.950761454891
11353,0.872906708584
11354,0.5
11356,1.0
11359,0.499679724906
11360,0.500926510094
11361,0
11362,0.45
11369,0.967694590554
11371,0.8062897555
11372,0.521695
11374,1.0
11377,0.500000000349
11378,0.500000000001
11379,0.916614091502
11380,0.500000003352
11382,1.0
11385,0.49942101945
11386,0.49858644017
11388,0.45
11395,0.55
3203,0.984548422809
11396,0.535951
11397,0.5
11398,0.5
11400,1.0
3209,0.7342795
11403,0.67195
3211,0.595
11404,0.5
3212,1.0
11406,0.5
11412,0.501412147682
3221,0.5
3227,0.55
3229,0.5005
3230,0.505
3233,0.595
3235,0.507181015
3236,0.53562295
11429,0
3237,0
3238,0.45
11435,0.498448
11437,0.5
11438,0.45
11441,0.704755
11443,0.5
11444,0.529795
11445,0
11446,0.5
3257,0.5
11453,0
11455,0
3263,0.67195
3265,0.55
3266,1.0
11459,0.501872532363
11461,0.5
11462,0.5
11463,0.5
11464,0.45
11467,0.5
3275,0.500005
11468,0.50156905298
11469,0.5
11470,0.5
11472,0.3645
3281,0.593131194825
3283,0.513995820337
3284,0.5
11477,0
11479,0
3287,0.664737671914
11481,0
3289,0.510316562262
3290,0.630688044582
3291,0.549084100593
3292,0.527960862266
11485,0.5
11486,0.45
11487,0.5
11488,0.45
11490,0.5
3299,0.55
11493,0.5
3301,0.5
11494,0.5
3302,0.5
11496,0.5
3305,0.5
3307,0.502054027651
3308,0.499803579
3309,0.5
3310,0.4995
3313,0.5
3314,0.5
11507,0.502822
3315,0.496
3316,0.4995
11509,0.5
11510,0.5
3318,0.5
11513,0.52825222459
11515,0.4924952217
11516,0.499128615
11517,0
11518,0.45
11521,0.5
3329,0.5
11522,0.5
11523,0
11524,0.45
3335,0.5
3337,0.55
3338,0.5
11531,0.5223139291
11533,0.5
3341,0.784766395
11534,0.5
11535,0.5
3343,0.5
11536,0.5
3344,0.5
3345,0.67195
3346,0.5
11539,0.500398038734
11540,0.5
11541,0.5
11542,0.494641863422
11544,0.5
3353,0.500467842483
11547,0.5
3355,0.55
11548,0.5
3356,0.5
11550,0.5
3359,0.5
3361,0.506177001808
3362,0.5
3363,0.55
3364,0.5
11557,0.5
11558,0.45
11559,0.5
3367,0.76085155
11560,0.5
3368,0.4995
3369,0.55
11562,0.5
3370,0.5
3372,0.601590892121
11565,0.5
11566,0.5
11568,0.5
3377,0.5
3379,0.55
3380,0.5
3381,0.5
11574,0.5
3382,0.5
3385,0.5
3386,0.5
3387,0.55
3388,0.499572
3390,0.5
11585,0.67195
3393,0.5
3394,0.5
11587,0.5
11588,0.537085
3396,0.505
11590,1.0
11593,0.499507614549
11594,0.5
11595,0
11596,0.405
11601,0
11602,0.45
11611,0.55
3419,0.55
11612,0.5704152445
11613,0.5
11614,0.5
11616,1.0
3425,0.55
11619,0.5
3427,0.5
11620,0.499266345678
3428,1.0
11622,0.5
11628,0.45
3437,0.500284210194
3443,0.5
3445,0.502006244902
11638,1.0
3446,0.500912599574
11640,1.0
3449,0.498581104454
3451,0.495652291766
3452,0.497691278517
3453,0
11646,1.0
3454,0.405
3461,0.55
3463,0.5
3464,0.32805
3467,0.55
3469,0.502615
3470,0.51355
3471,0
3472,0.405
3475,0.4779
3476,0.45
3477,0
3478,0.405
11681,0
3491,0.5005
11687,0
11689,0
3497,0.5
3499,0.5
3500,0.5
3503,0.5
3505,0.500539630434
3506,0.5
11699,0.5
3507,0.5
3508,0.5
11705,0.500118619235
11707,0.5
3515,0.5
11708,0.5
3517,0.5
3518,0.50005
11711,0.501215
11713,0.499680598312
3521,0.5
11714,0.45
11715,0.5
3523,0.506275807995
11716,0.45
3524,0.5
3525,0.5
3526,0.5
3529,0.50127715
3530,0.5
11723,0.55
3531,0.5
3532,0.5
11725,0.5
11726,0.5
3534,0.5
11729,0.55
11731,0.501355
3539,0.5
11732,0.50410277555
11733,0.5
3541,0.55
11734,0.5
3542,0.5
3543,0.5
3544,0.5
11737,0.5
11738,0.50405
11739,0.499976808012
3547,0.55
11740,0.499887474791
3548,0.5
3549,0.55
11742,0.405
3550,0.513716069845
3552,0.5
3555,0.5
3556,0.49977
3558,0.5
11753,0.5
11759,0.5
11761,0.5
3569,0.500049327933
11762,0.5
3571,0.5
3572,0.500008086546
11765,0.5
11767,0.495
3575,0.5
11768,0.5
11769,0.5
3577,0.503847351865
11770,0.5
3578,0.5
3579,0.5
3580,0.5
3583,0.5
3584,0.5
11777,0.495
3585,0.5
3586,0.4987575
11779,0.5
11780,0.5
3588,0.5
11783,0.5
11785,0.644438520836
3593,0.55
11786,0.4995
11787,0.55
3595,0.55
11788,0.5
3596,0.500176510482
3597,0.5
3598,0.5
11791,0.5
11792,0.5
11793,0.5
3601,0.55
11794,0.5
3602,0.5
3603,0.55
11796,0.5
3604,0.505313062912
3606,0.5
11801,0.5
3609,0.5
3610,0.505
11803,0.5
11804,0.5
3612,0.5
11805,0.5
11806,0.45
11809,0.5
11810,0.5
11811,0.5
11812,0.5
3620,1.0
11814,0.5
3622,1.0
3624,1.0
11817,0.5
11818,0.5
11820,0.5
3628,1.0
3630,1.0
3636,1.0
11831,0.5
11834,1.0
11837,0.5
11839,0.784766395
11840,0.5
11842,1.0
11845,0.55
11846,0.5
11847,0.5
11848,0.5
11850,1.0
11855,0.5
11857,0.784766395
11858,0.5
11860,1.0
11863,0.79041787863
11864,0.5
11865,0.784766395
11866,0.761642577838
11868,1.0
11871,0.55
11872,0.5
11874,0.505
11881,0.495
3689,0.5
11882,0.45
11883,0.5
11884,0.45
11886,1.0
3695,0.5
11889,0.5
3697,0.5
11890,0.4995
3698,1.0
11892,0.5
11898,0.5
3715,0.5
3716,1.0
3721,0.5
3722,1.0
11915,0.5
3723,0
3724,0.5
11921,0.496753623011
11923,0.49093394131
11924,0.45
11927,0.5
11929,0.5005
11930,0.45
11931,0.5
11932,0.45
3743,0.5
11939,0.5005
11941,0.5
3749,0.5
11942,0.000808654634961
3751,0.5
3752,1.0
11945,0.500005
11947,0.500001216705
11948,0.495861348227
11949,0.486295318227
11950,0.453806303523
11953,0.50043825342
3761,0
11954,0.500000013839
11955,0.500553595
11956,0.499339240827
11958,0.45
3767,0.5
3769,0.5
3770,0.5
11963,0.5
11965,0.499606592005
3773,0.784766395
11966,0.45
11967,0.5
3775,0.55
11968,0.45
3776,0.5
3777,0.5
3778,0.5
11971,0.5
11972,0.5
11973,0.500667775276
11974,0.495513040542
11976,0.45
11979,0.5
3787,0
11980,0.4995
11982,0.45
3793,0.55
3794,1.0
3795,0.5
3796,0.5
3799,0.5
3800,1.0
11993,0.5
3801,0.5
3802,0.5
11995,0.55
11996,0.5
3804,0.5
11999,0.5
12001,0.629525901834
12002,0.5
12003,0.55
12004,0.49943348924
12007,0.5005
3815,0
12008,0.5
12009,0.5
12010,0.4995855
12012,0.5
3821,0.5
3823,0.5
3824,0.5
12017,0.5
12019,0.507064111904
12020,0.5
12021,0.55
12022,0.5
3830,1.0
3832,1.0
12025,0.505671683467
12026,0.5
12027,0.505835408157
12028,0.500008593022
12030,0.499273435877
3839,0
12033,0.5
3841,0
12034,0.5
12036,0.5
3845,0.5
3847,0.55
3848,0.5
3849,0.5
3850,0.5
12043,0.5
12044,0.5
12045,0.495
12046,0.5
3854,1.0
12048,0.5
3856,1.0
3858,1.0
12051,0.5
12052,0.5
12054,0.4995
3865,0
3867,0
12060,0.5
3871,0.5
3872,1.0
3873,0.55
3874,0.45
3876,0.5
12071,0.5
3880,1.0
12073,0.784766395
12074,0.5
3882,1.0
12076,1.0
12079,0.768361698298
12080,0.5
12081,0.784766395
12082,0.748699798532
12084,1.0
12087,0.55
12088,0.499988822285
12090,0.5
12097,0.495
3905,0.5
12098,0.5
12099,0.55
12100,0.4995
12102,1.0
3911,0.5
12105,0.49089727445
3913,0.5
12106,0.5
3914,1.0
12108,0.499560816763
12114,0.5007425
3923,0.999191345365
3929,0.7342795
12123,0
3931,0.5
12124,0.5
3932,0.505
12126,0.5
3935,0.784766395
3937,0.5
3938,0.5
3939,0
12132,0.45
3940,0.5
3949,0.5
3950,1.0
3955,0.5
3956,1.0
3957,0
3958,0.5
3961,0.5
3962,1.0
12155,0.499242218791
3963,0
3964,0.5
12157,0.5
12158,0.405
12161,0.50168849278
12163,0.50095
12164,0.497984531033
12165,0.5
12166,0.498759971
12169,0.55
3977,0.5
12170,0.5
12171,0.55
12172,0.5095
12174,0.5
3983,0.5005
3985,0.5
3986,0.5
12179,0.50185
12181,0.5
3989,0.8062897555
12182,0.45
12183,0.5
3991,0.55
12184,0.5
3992,0.5
3993,0.5
3994,0.5
12187,0.50095
12188,0.501385383999
12189,0.5005
12190,0.49710682804
12192,0.45
4001,0.6355
12195,0.55
4003,0.500005
12196,0.505
4004,0.5
12198,0.45
4007,0.595
4009,0.507234916
4010,0.5
4011,0.5
4012,0.5
12205,0.5
12206,0.5
12207,0.5
4015,0.5
12208,0.45
4016,0.735165426268
4017,0.55
12210,0.5
4018,0.5
4020,0.5
12213,0.5
12214,0.5
12216,0.45
4027,0.55
4028,1.0
4029,0.5
12222,0.5
4030,0.5
4033,0.55
4034,1.0
4035,0.495
4036,0.5
4038,0.5
12233,0.5
4041,0.5
4042,0.5
12235,0.5
12236,0.5
4044,0.45
12237,0.5
12238,0.5
12241,0.5
12242,0.5
12243,0.5
12244,0.49905
12246,0.45
4055,0.495
12249,0.5
4057,0.5
12250,0.5
4058,0.45
12252,0.5
4061,0.704755
4063,0.55
4064,0.505
4065,0.5
4066,0.5
12259,0.495
12260,0.5
12261,0.5
12262,0.4995
4070,1.0
12264,0.5
4072,1.0
4074,1.0
12267,0.5
12268,0.5
12270,0.5
4079,0.5
4081,0.503406535092
4082,0.5
4083,0.55
12276,0.5
4084,0.5
4087,0.55
4088,0.5
4089,0.55
4090,0.505233428604
4092,0.5
12285,0
12286,0.45
12288,0.5
4096,1.0
4098,1.0
12294,0.5
4105,0.5
4106,1.0
4107,0.5
4108,0.5
4110,0.5
4113,0.5
4114,0.5
4116,0.5
12313,0.495
12314,0.5
4122,1.0
12315,0.5
12316,0.5
12318,1.0
12321,0.5
12322,0.4995
12324,0.5
12330,0.5
4139,0.5
4145,0.5
12339,0
4147,0.4976085155
12340,0.5
4148,0.5
12342,0.5
4151,0.5
4153,0.506475502761
4154,0.5
4155,0
12348,0.45
4156,0.45
4163,0.55
4165,0.5
4166,0.500045361676
4169,0.55
4171,0.500545722061
4172,0.509254795586
4173,0
4174,0.2657205
4177,0.5
4178,0.45
4179,0
4180,0.45
4189,0.55
4190,1.0
4191,0
4192,0.5
4195,0.5
4196,1.0
4197,0
4198,0.45
4203,0
4204,0.405
12401,0
12407,0
12409,0
4217,0.5
4219,0.5
4220,0.5
12413,0
12415,0
4223,0.5
12417,0
4225,0.5
4226,0.5
4227,0.495
4228,0.5
4231,0.5
4232,0.5
12425,0.55
4233,0.5
4234,0.502266441579
12427,0.5
12428,0.5
4236,0.5
12431,0.5
12433,0.55
4241,0.5
12434,0.5
12435,0.5
4243,0.5
12436,0.5
4244,0.5
4245,0.5005
4246,0.50005
12439,0.5
12440,0.45
12441,0.5
4249,0.5
12442,0.45
4250,0.5
4251,0.5
12444,0.5
4252,0.5
4254,0.5
4257,0.5
4258,0.5
12451,0.55
12452,1.0
4260,0.5
12453,0.5
12454,0.5
12457,0.5
12458,1.0
12459,0.5
4267,0.5
12460,0.5
4268,1.0
4269,0.5
12462,0.5
4270,0.5
4272,0.5
12465,0.5
12466,0.5
4275,0.5
12468,0.405
4276,0.5
4278,0.5
4284,0.5
12479,0.55
12481,0.5
12482,0.5
12485,0.5
12487,0.5
4295,0.5
12488,0.5
12489,0.5
4297,0.500387488472
12490,0.5
4298,0.5
4299,0.5
4300,0.5
12493,0.5
12494,0.5
12495,0.5
4303,0.55
12496,0.5
4304,0.5
4305,0.55
12498,0.5
4306,0.502518421036
4308,0.5
12503,0.5
4312,1.0
12505,0.55
12506,0.45
4314,1.0
12507,0.5
12508,0.5
12511,0.55
12512,0.5
12513,0.55
4321,0.55
12514,0.5
4322,0.5
4323,0.55
12516,0.5
4324,0.501821616886
4326,0.505
12519,0.5
12520,0.5
4329,0.5
12522,0.5
4330,0.5
4332,0.5
12529,0.5
12530,1.0
4338,1.0
12531,0.5
12532,0.5
12534,0.5
12537,0.5
12538,0.5
12540,0.5
4348,1.0
4350,1.0
12546,0.5
4356,1.0
12557,0.5
12559,0.5
12560,0.5
12562,1.0
12565,0.55
12566,0.5
12567,0.5
12568,0.5
12570,1.0
12574,1.0
12576,1.0
12583,0.5
12584,0.5
12585,0.5
12586,0.5
12588,1.0
12591,0.5
12592,0.505
12594,0.5
12600,1.0
12609,0
12610,0.5
12612,0.405
12618,0.5
4445,0.5
12641,0.55
4451,0.55
12643,0.5
12644,0.000184994242518
4453,0.55
4454,1.0
12647,0.5
12649,0.55
12650,0.32805
12651,0.5
12652,0.45
12655,0.5
12656,0.17433922005
12657,0.5
12658,0.405
12660,0.5
12665,0.5
12667,0.55
12668,0.505
12669,0.55
12670,0.505
12673,0.55
12674,0.5
12675,0.55
12676,0.496076088999
12678,0.45
12681,0.5
12682,0.499698316888
12684,0.45
4499,0.5
12691,0.595
12692,1.0
12693,0.595
12694,0.53197795
12696,0.5
4505,0.55
4507,0.5
12699,0.5
4508,1.0
12700,0.5
12702,0.45
12708,0.5
4517,0
4523,0.5005
4525,0.5
4526,0.5
12719,0.5
4529,0.5
12721,0.55
12722,0.499779717706
4531,0.5
12723,0.5
4532,0.505
12724,0.5
4533,0.5
4534,0.5
12727,0.55
12728,0.5
12729,0.55
12730,0.5
12732,0.5
12735,0.5
12736,0.5
12738,0.5
12745,0.55
12746,0.5
12747,0.55
12748,0.499971159495
12750,0.5
4559,0.5
12753,0.55
4562,1.0
12754,0.504423560411
12756,0.506845
12762,0.5
4577,0.924952682352
12771,0
4580,1.0
12772,0.5
12774,0.45
4583,0.5
4585,0.5
4586,0.5
4588,1.0
12780,0.5
4595,0
4601,0.5
4603,0.67195
4604,0.32805
4606,1.0
12799,0.5
12800,0.5
4609,0.5
12801,0.5
4610,0.5
12802,0.5
4611,0.55
4612,0.5
12804,1.0
4614,1.0
12807,0.5
12808,0.5
12810,0.5
12816,1.0
12825,0
12826,0.5
12828,0.5
12834,0.45
4661,0.5
4667,0.55
4669,0.55
4670,1.0
4679,0
4685,0.5
4687,0.5
4688,0.5
12881,0.55
4691,0.5
12883,0.5
12884,0.5
4693,0.497316919403
12885,0.5
4694,0.5
12886,0.5
4695,0
4696,0.45
12889,0.55
12890,0.501143839623
12891,0.55
12892,0.505
12894,0.45
12897,0.5
12898,0.5
12900,0.5
4715,0.595
12907,0.5
12908,0.514
12909,0.5
12910,0.5
12912,0.5
4721,0.55
4723,0.5
12915,0.55
4724,1.0
12916,0.5095
12918,0.5
12924,0.5
4733,0.5
4739,0.502585111
4741,0.55
12933,0
4742,0.5
12934,0.5
12936,0.45
4745,0.5
4747,0.5
4748,0.51355
4749,0.5
4750,0.5
12942,0.5
4757,0.4905
4759,0.5
4760,0.45
4763,0.5005
4765,0.5
4766,0.49823145
4767,0.5
4768,0.5
12961,0.5
12962,0.5
4771,0.5
12963,0.5
4772,0.5
12964,0.5
4773,0.5
4774,0.5
12966,0.5
4776,0.5
12969,0.5
12970,0.5
12972,0.5
12978,0.5
4793,0.945290505434
12987,0
4796,1.0
12988,0.5
12990,0.5
4799,0.5
4801,0.55
4802,0.5
4804,1.0
12996,0.5
4811,0.916614091502
4814,1.0
4817,0.5
4819,0.8062897555
4820,0.500000000018
4822,1.0
4825,0.500000615012
4826,0.5
4827,0.5
4828,0.505
4830,1.0
4835,0.999469441694
4837,0.5
4838,0.405
4840,1.0
4843,0.6355
4844,0.5
4845,0.5
4846,0.5
4848,1.0
13041,0
13042,0.45
4851,0.55
4852,0.5
13044,0.5
4854,0.5
13050,0.5
4877,0.55
4883,0.595
4885,0.5
4886,1.0
4895,0
4901,0.500075422808
4903,0.5
4904,0.45
4907,0.5
4909,0.5
4910,0.501412147682
4911,0
4912,0.45
4919,0
4921,0
4925,0.5
4927,0.5
4928,0.45
4929,0
4930,0.5
4933,0.5
4934,0.5
4935,0
4936,0.45
4949,0.5
4955,0.5
4957,0.5
4958,0.5
4961,0.5
4963,0.5
4964,0.5
4965,0
4966,0.5
4973,0.5
4975,0.5
4976,0.5
4979,0.5
4981,0.5
4982,0.4995
4983,0.5
4984,0.5
4987,0.500000018218
4988,0.5
4989,0.46437705
4990,0.490161780968
4992,0.405
4997,0.82566077995
4999,0.5
5000,0.5
13193,0.5
5001,0.5
5002,0.5
5005,0.5
5006,0.5
13199,0.55
5007,0.5
5008,0.5
13201,0.55
13202,1.0
5010,0.5
5013,0.5
5014,0.5
5016,0.405
5027,0.67195
5030,1.0
5033,0.5
5035,0.5
5036,0.5
5038,1.0
5041,0.5
5042,0.5
5043,0
5044,0.405
5051,0.885616037725
5053,0.5
5054,0.5
13247,0.5
5056,1.0
5059,0.5
5060,0.5
13253,0.67195
5061,0.5
5062,0.5
13255,0.5
13256,1.0
5064,1.0
5067,0.55
5068,0.500000051452
5070,0.405
13265,0.5
5078,1.0
13271,0.5
5080,1.0
13273,0.5
13274,0.5
5082,1.0
13277,0.5
5086,1.0
13279,0.5
13280,0.5
5088,1.0
13281,0.5
13282,0.5
5094,1.0
13309,0.5
13310,1.0
13327,0.994612368168
13328,1.0
13333,0.843094701955
13334,1.0
13335,0.5
13336,0.5
5147,0.55
13345,0.67195
5153,0.55
13346,1.0
5155,0.5
5156,1.0
13351,0.7342795
13352,1.0
13353,0.5
13354,0.5
13357,0.595
5165,0
13358,1.0
13359,0.5
13360,0.5
13362,0.5
5171,0.55
5173,0.5
5174,0.5
5177,0.55
5179,0.5
5180,0.5
5181,0
5182,0.5
5201,0.5
5207,0.5
5209,0.5
5210,1.0
13409,0.55
5219,0
13415,0.55
13417,0.5
5225,0.5
13418,1.0
5227,0.5
5228,0.5
5231,0.5
5233,0.5
5234,0.5
13427,0
5235,0.5
5236,0.5
13433,0.454389345
13435,0.5
5243,0
13436,0.3645
5245,0
13439,0
13441,0.55
5249,0.5
13442,0.405
13443,0.67195
5251,0.5
13444,0.5
5252,0.5
5253,0.5
5254,0.5
5257,0.5
5258,0.5
5259,0.5
5260,0.5
5262,0.5
13463,0.5
13469,0.5
13471,0.5
5279,0.5
13472,1.0
5282,1.0
5285,0.5
5287,0.5
5288,0.5
13481,0.784766395
5290,1.0
13487,0.5
13489,0.5005
5297,0
13490,0.5
13493,0.784766395
13495,0.595
5303,0.495
13496,0.5
13497,0.5
5305,0.784766395
13498,0.5
5306,0.5
5308,1.0
5311,0.55
5312,0.5
13505,0.5
5313,0.5
5314,0.5
13507,0.5017195
13508,0.405
5316,1.0
13511,0.55
13513,0.5
5321,0
13514,0.488976021
13515,0.50017433922
5323,0
13516,0.500172188922
13519,0.55
13520,0.5
13521,0.5
5329,0.495
13522,0.5095
5330,0.45
5331,0.5
13524,0.501743392201
5332,0.45
5334,1.0
5337,0.5
5338,0.5
5340,0.5
13543,0.988735800228
13544,1.0
13549,0.82566077995
13550,1.0
13551,0
13552,0.5
5363,0.55
13561,0.988735800228
5369,0.55
13562,1.0
5371,0.55
5372,1.0
13567,0.55
13568,1.0
13569,0.5
13570,0.50000000017
13573,0.843094701955
5381,0.306047218275
13574,1.0
13575,0.843094701955
13576,0.787435773891
13578,0.00212709413517
5387,0.500636221703
5389,0.4159387398
5390,0.389993583698
13585,0.5
5393,0.501241833014
13586,1.0
13587,0.999911517827
5395,0.50063951525
13588,0.517195
5396,0.506362217027
5397,0
5398,0.3645
13591,0.5
13592,1.0
13593,0.76085155
13594,0.5
13596,0.5
5405,0.5
13599,0.5
5407,0.5
13600,0.5
5408,0.215233605
13602,0.5
5411,0.5
5413,0.5
5414,0.5
5415,0
5416,0.3645
5419,0.495
5420,0.5
5421,0
5422,0.5
13625,0.5
5435,0.5
5441,0.5
13634,1.0
5443,0.5
5444,0.5
5447,0.5
5449,0.5005
5450,0.5
13643,0
5451,0.5
5452,0.505
13649,0.5
13651,0.55
5459,0.5
13652,0.5
5461,0.5
5462,0.5
5465,0.5
13658,1.0
5467,0.500895772034
13660,1.0
5468,0.5
5469,0.55
5470,0.499469794236
5473,0.5
5474,0.5
13667,0
5475,0.5
5476,0.5
13669,0
5478,0.5
13673,0
13675,0.5
5483,0.5
13676,0.405
13677,0.55
5485,0.49995
13678,0.5
5486,0.5
5487,0.5
5488,0.5
5491,0.5
13684,1.0
5492,0.5
5493,0.5
13686,1.0
5494,0.499995
5496,0.5
5499,0.5
5500,0.5
5502,0.5
13697,0.5
13703,0.5
13705,0.55
5513,0.5
13706,0.5
5516,1.0
5519,0.5
13712,1.0
5521,0.784766395
13714,1.0
5522,0.5
5524,1.0
5527,0.55
5528,0.5
13721,0.55
5529,0.5
5530,0.5
13723,0.5014
13724,0.5
5532,1.0
13727,0.5
13729,0.67195
5537,0.5
13730,0.5
13731,0.55
5539,0.55
13732,0.5132584
5540,0.5
5542,1.0
13736,1.0
5545,0.500016070063
13738,1.0
5546,0.4995
5547,0.595
13740,1.0
5548,0.500055185696
5550,1.0
13745,0.5
5553,0.55
5554,0.500003433539
13747,0.5
13748,0.5
5556,0.5
13749,0.5
13750,0.5
13753,0.5
13754,0.5
13755,0.5
5563,0.5
13756,0.5
5564,0.5
5565,0.5
13758,0.5
5566,0.5
5568,1.0
13762,1.0
5571,0.5
13764,1.0
5572,0.4995
5574,0.5
5580,0.5
13777,0.595
13778,1.0
13783,0.5
13784,1.0
13785,0
13786,0.5
5597,0.5
13790,1.0
13792,1.0
5603,0.5002657205
5605,0.499114265
5606,0.502657205
13801,0.784766395
5609,0.5
13802,1.0
13803,0.595
5611,0.5
13804,0.514
5612,0.5
5613,0
5614,0.45
13807,0.5
13808,1.0
13809,0.5
13810,0.5
13812,0.00286320844851
5621,0.49595
5623,0.5
13816,1.0
5624,0.215233605
13818,1.0
5627,0.5018600435
5629,0.497364330019
5630,0.497684032239
5631,0
5632,0.32805
13826,1.0
5635,0.5
13828,1.0
5636,0.5
5637,0
13830,1.0
5638,0.45
13834,1.0
13836,1.0
5645,0.55
5647,0.495
5648,0.45
5649,0
13842,1.0
5650,0.45
5653,0.5
5654,0.502657205
5655,0
5656,0.45
5661,0
5662,0.405
5675,0.5
5677,0.5
5678,0.5
5681,0.5
5683,0.5
5684,0.5
5685,0.5
5686,0.5
5689,0.5
5690,0.5
5691,0.5
5692,0.5
5694,0.5
5699,0.5
5701,0.5
5702,0.5
13895,0.55
5703,0.5
5704,0.5
5707,0.5
5708,0.5
13901,0.704755
5709,0.5
5710,0.5
13903,0.5
13904,1.0
5712,0.5
5715,0.5
5716,0.5
5718,0.5
13913,0.5
5725,0.5
5726,0.5
13919,0.5
5727,0.5
5728,0.4995
13921,0.500092651009
13922,0.5
5730,0.5
13925,0
5733,0.5
5734,0.5
13927,0.5
13928,0.5
5736,0.5
13929,0.5
13930,0.5
5742,0.5
5753,0.5
5755,0.5
5756,0.5
13949,0.5
5758,1.0
5761,0.5
5762,0.5
13955,0.7342795
5763,0.5
5764,0.5
13957,0.5
13958,1.0
5766,1.0
5769,0.5
5770,0.5
5772,0.5
13967,0.704755
5779,0.5
5780,0.5
13973,0.55
5781,0.5
5782,0.5
13975,0.5
13976,0.5
5784,1.0
13979,0.7342795
5787,0.5
5788,0.5
13981,0.589969433305
13982,0.653703382365
5790,0.5
13983,0.5
13984,0.5
5796,0.5
13991,0.5
13993,0.5
13994,0.5
13997,0.5
5806,1.0
13999,0.5
14000,0.5
5808,1.0
14001,0.5
14002,0.5
14005,0.5
14006,0.5
5814,1.0
14007,0.5
14008,0.5
14010,0.5
14029,0.55
14030,1.0
14035,0.5
14036,1.0
14037,0.5
14038,0.5
5849,0
14047,0.55
5855,0
14048,1.0
5857,0
14053,0.5
14054,1.0
14055,0.5
14056,0.5
14059,0.5
5867,0
14060,1.0
14061,0.5
14062,0.5
14064,0.5
5873,0.5
5875,0.5
5876,0.5
14071,0.55
5879,0.55
14072,1.0
14073,0.5
5881,0.5
14074,0.5
5882,0.5
5883,0
5884,0.5
14077,0.5
14078,1.0
14079,0.5
14080,0.5
14082,0.5
14085,0.5
5893,0
14086,0.5
14088,0.5
5899,0.5
5900,1.0
5901,0
5902,0.5
5905,0.5
5906,1.0
5907,0
5908,0.5
14111,0.55
5921,0
14117,0.5
14119,0.5
5927,0.5
14120,1.0
5929,0.5
5930,0.5
5933,0.5
5935,0.5
5936,0.5
14129,0.500031717023
5937,0.5
5938,0.5
14135,0.502167410455
14137,0.5
5945,0
14138,0.508122168933
5947,0
14141,0
14143,0.595
5951,0.5
14144,0.45
14145,0.55
5953,0.5
14146,0.5
5954,0.5
5955,0.5
5956,0.5
5959,0.55
5960,0.5
14153,0.5
5961,0.5
5962,0.5
14155,0.5
14156,0.32805
5964,0.5
14159,0
14161,0.5
14162,0.5
14163,0.501458
5971,0
14164,0.5
5973,0
14167,0
14169,0.55
5977,0.55
14170,0.45
5978,1.0
5979,0.5
14172,0.5
5980,0.5
5982,0.5
5985,0.5
5986,0.5
5988,0.5
14183,0.55
14189,0.5
14191,0.500482818778
5999,0
14192,0.5
14195,0.5
14197,0.67195
6005,0.5
14198,0.5
14199,0.5
6007,0.5
14200,0.5
6008,0.5
6010,1.0
6014,1.0
14207,0.55
6016,1.0
14209,0.5
14210,0.500124575363
6018,1.0
14213,0.5
14215,0.552191518018
6023,0
14216,0.504949660639
14217,0.500000000007
6025,0
14218,0.500041907381
14221,0.595
14222,0.5
14223,0.6355
6031,0.5
14224,0.586538388514
6032,0.5
6033,0.5
14226,0.5
6034,0.5
6036,1.0
14231,0.5
6040,1.0
14233,0.5
14234,0.5
6042,1.0
14235,0.5
14236,0.5
14239,0.5
14240,0.5
14241,0.50045
6049,0
14242,0.5
6051,0
14244,0.5
14247,0.5
14248,0.5
6057,0.5
14250,0.5045
6058,0.45
6060,0.5
6066,1.0
14263,0.55
14264,1.0
14269,0.595
14270,1.0
14271,0.49784766395
14272,0.5
14275,0.5
6083,0.5
14276,1.0
14277,0.5
14278,0.5
14280,0.45
6089,0.4993104191
6091,0.5
6092,0.45
14287,0.5
6095,0.5
14288,1.0
14289,0.501799040016
6097,0.5
14290,0.503096886526
6098,0.45
6099,0
6100,0.5
14293,0.5
14294,1.0
14295,0.5
14296,0.5
14298,0.5
6107,0.55
14301,0.5
6109,0.5
14302,0.5
6110,0.215233605
14304,0.5
6113,0.55
6115,0.49690216111
6116,0.49845049696
6117,0
6118,0.3645
14311,0.5
14312,1.0
14313,0.5
6121,0.497824674849
14314,0.5
6122,0.500926510094
6123,0
14316,0.5
6124,0.45
14319,0.5
14320,0.5
14322,0.5
6133,0.55
6134,1.0
6135,0
14328,0.5
6136,0.5
6139,0.5
6140,1.0
6141,0
6142,0.45
6147,0
6148,0.45
14345,0.5
14351,0.5
14353,0.55
6161,0.4949513105
14354,0.5
6163,0.5
6164,0.45
6167,0.5
14360,1.0
6169,0.5
14362,1.0
6170,0.5
6171,0.5
6172,0.5
6175,0.55
6176,0.5
14369,0.45927
6177,0.5
6178,0.5
14371,0.5
14372,0.23914845
6180,0.5
14375,0
14377,0.907348990557
6185,0.5
14378,0.45
14379,0.5
6187,0.486874845
14380,0.5
6188,0.45
6189,0.5
6190,0.45
6193,0.50272742705
14386,1.0
6194,0.505
6195,0.496
14388,1.0
6196,0.5
6198,0.5
14393,0
6201,0.5
6202,0.499836585105
14395,0.5
14396,0.32805
6204,0.45
14397,0.5
14398,0.5
14401,0
14403,0.5
6211,0.55
14404,0.5
6212,1.0
6213,0.5
14406,0.503645
6214,0.45
6216,0.5
6219,0.4709745
14412,1.0
6220,0.498636405
6222,0.45
6228,0.405
14423,0.5
14425,0.5
14426,0.5
14429,0.5
14431,0.55
6239,0.5
14432,0.5
14433,0.5
6241,0.5
14434,0.5
6242,0.405
6244,1.0
14438,1.0
6247,0.55
14440,1.0
6248,0.5
6249,0.55
14442,1.0
6250,0.5
6252,1.0
14447,0.55
6256,1.0
14449,0.50204772
14450,0.49830795
6258,1.0
14451,0.500272039023
14452,0.5
14455,0.55
14456,0.5
14457,0.55
6265,0.46437705
14458,0.50843741229
6266,0.405
6267,0.5
14460,0.5
6268,0.45
6270,1.0
14464,1.0
6273,0.55
14466,1.0
6274,0.4952104695
6276,0.505
14473,0.5
14474,0.5
6282,1.0
14475,0.5
14476,0.5
14478,0.5
14481,0.5
14482,0.5
6291,0
14484,0.5
6292,0.405
6294,0.5
14490,1.0
6300,0.405
14503,0.5
14504,1.0
14505,0.5
14506,0.5
14509,0.5
14510,1.0
14511,0.5
14512,0.5
14514,0.45
6323,0.5
6325,0.5
14518,1.0
6326,0.5
14520,1.0
6329,0.5
6331,0.5
6332,0.5
6333,0
6334,0.45
14527,0.5
14528,1.0
14529,0.5
6337,0.5
14530,0.5
6338,0.5
6339,0
14532,0.500560104224
6340,0.3645
14535,0.5
14536,0.5
14538,0.5
6347,0.595
6349,0.5
6350,0.5
6351,0
14544,1.0
6352,0.5
6355,0.5
6356,0.5
6357,0
6358,0.45
14554,1.0
6363,0
14556,1.0
6364,0.45
14562,1.0
6373,0.5
6374,1.0
6375,0
6376,0.5
6381,0
6382,0.5
6401,0.5
6403,0.5
6404,0.5
14597,0
6405,0.5
6406,0.5
6409,0.5
6410,0.5
14603,0
6411,0.5
6412,0.5
14605,0
6414,0.45
6417,0.5
6418,0.5
6420,0.5
14615,0.843094701955
6427,0.5
6428,0.5
14621,0.5
6429,0.4905
6430,0.4986
14623,0.500062796795
14624,0.45
6432,0.45
14627,0
6435,0.5
6436,0.5
14629,0.5
14630,0.5
6438,0.5
14631,0.5
14632,0.45
6444,0.5
14641,0.595
14642,1.0
6453,0
6454,0.5
14647,0.5
14648,1.0
6456,0.45
14649,0.5
14650,0.500926510094
14653,0
6462,0.45
14655,0.5
14656,0.5
14658,0.5
14669,0.595
6481,0.5
6482,0.5
14675,0.5
6483,0.55
6484,0.500101377798
14677,0.5
14678,0.5
6486,1.0
14681,0.5
6489,0.5
6490,0.5
14683,0.5
14684,0.5
6492,0.5
14685,0.55
14686,0.5
6498,1.0
14693,0.7342795
14695,0.5
14696,0.5
14699,0.5
6507,0
6508,0.405
14701,0.5
14702,0.5
6510,0.5
14703,0.501215
14704,0.5
14707,0.67195
14708,0.5
6516,0.5
14709,0.76085155
14710,0.5
14712,0.5
14719,0.5
14720,1.0
14721,0.5
14722,0.5
14725,0.5
14726,1.0
14727,0.501215
14728,0.5
14730,0.5
14733,0.55
14734,0.5
14736,0.50405
14749,0.5
14750,1.0
14755,0.5
14756,1.0
14757,0.55
14758,0.5
14762,1.0
14764,1.0
14766,1.0
14773,0.5
14774,1.0
14775,0.5
14776,0.5
14779,0.5
14780,1.0
14781,0.5
14782,0.5
14784,0.50405
14788,1.0
14790,1.0
14797,0.5
14798,1.0
14799,0.5
14800,0.5
14802,0.5
14805,0.5
14806,0.5
14808,0.5
14814,1.0
14831,0.5
14837,0.5
14839,0.500075422808
14840,0.45
14843,0
14845,0.5
14846,0.5
14847,0.55
14848,0.45
14855,0.7342795
14857,0.501163675881
14858,0.500001125071
14861,0
14863,0.498996731958
14864,0.45
14865,0.50081
14866,0.500556376756
14869,0
14871,0.76085155
14872,0.45
14874,0.5032805
14881,0.5
14882,1.0
14883,0.5
14884,0.5
14887,0
14889,0.494062295
14890,0.45
14892,0.5
14895,0
14898,0.45
6713,0.5
14909,0.76085155
14911,0.5
6719,0.5
14912,0.500000000024
6721,0.5
6722,1.0
14915,0.5
14917,0.5
14918,0.5
14919,0.5005
14920,0.499809097535
14923,0.5
14924,0.5
14925,0.7342795
14926,0.5
14928,0.505
14933,0.76085155
14935,0.59742862915
14936,0.674093612278
14937,0.5
14938,0.5
14941,0.5
14942,0.5
14943,0.628612338232
14944,0.499995
14946,0.500000000065
14949,0.784766395
14950,0.5
14952,0.700468059887
14959,0.5
6767,0.5
14960,1.0
14961,0.495
14962,0.4995
14964,0.5
6773,0.5
14967,0.5
6775,0.5
14968,0.5
6776,1.0
14970,0.4995
14976,0.5
6785,0.5
6791,0.5
6793,0.5
6794,0.3645
14989,0.5
6797,0.55
14990,1.0
14991,0.5
6799,0.4946560655
14992,0.5
6800,0.45
6801,0.5
6802,0.45
14995,0.5
14996,1.0
14997,0.704755
14998,0.5
15000,0.5
15004,1.0
15006,1.0
15013,0.5
15014,1.0
15015,0.498062897555
15016,0.5
15018,0.5
15021,0.55
15022,0.5
15024,0.499806289756
15030,1.0
15039,0
15040,0.5
15042,0.45
15048,0.5
6875,0.5
15071,0.5
15073,0.5
6881,0.55
15074,0.5
6883,0.55
6884,1.0
15077,0
15079,0.5
15080,0.45
15081,0.6355
15082,0.501412147682
15088,1.0
15090,1.0
15095,0
15097,0.5
15098,0.0358948993846
15099,0.5
15100,0.5
15103,0
15105,0.5
15106,0.3645
15108,0.5
15114,1.0
15121,0
6929,0.6355
15123,0.5
15124,0.0547094945658
15126,0.5
6935,0.67195
15129,0
6937,0.55
6938,1.0
15132,0.45
6947,0.46437705
6953,0.49287020778
6955,0.492337694392
6956,0.45
15149,0.5
15151,0.5
6959,0.5
15152,0.5
15153,0.5
6961,0.49735
15154,0.5
6962,0.45
6963,0.498781562562
6964,0.45
15157,0.5
15158,0.5
15159,0.5
15160,0.5
15162,0.5
15166,1.0
15168,1.0
15175,0.5
6983,0.55
15176,0.5
15177,0.495
15178,0.5
15180,0.5
6989,0.595
15183,0.5
6991,0.5
15184,0.5
6992,1.0
15186,0.4995
15192,1.0
7001,0.55
7007,0.916614091502
15201,0
7009,0.500000003287
15202,0.5
7010,0.0290748685015
15204,0.45
7013,0.5
7015,0.71886925115
7016,0.45
7017,0.5
15210,0.5
7018,0.0112641997725
7025,0.5
7027,0.5
7028,0.405
7031,0.5
7033,0.704755
7034,0.45
7035,0.5
7036,0.0367098297952
15229,0.5
15230,1.0
15231,0.5
7039,0.55
15232,0.5
7040,0.5
7041,0.55
15234,0.5
7042,0.45
7044,0.45
15237,0.5
15238,0.5
15240,0.5
15246,1.0
15255,0
15256,0.5
15258,0.45
15264,0.5
7091,0.5
7097,0.5
7099,0.55
7100,1.0
7109,0
7115,0.5
7117,0.495
7118,0.5
7121,0
7123,0.5
7124,0.5
7125,0.5
7126,0.45
7145,0.5
7151,0.5
7153,0.5
7154,1.0
15353,0.5
7163,0.5
15359,0.55
15361,0.5
7169,0.48645
15362,1.0
7171,0.49961152
7172,0.45
7175,0.55
7177,0.55
7178,0.45
15371,0
7179,0.55
7180,0.45
15377,0.500107567299
15379,0.500102945566
7187,0.5
15380,0.45
7189,0.5
7190,0.405
15383,0.5
15385,0.501773205602
7193,0.5
15386,0.501270932914
15387,0.5
7195,0.5
15388,0.50102945566
7196,0.45
7197,0.5
7198,0.45
7201,0.5
7202,0.5
7203,0.5
7204,0.5
7206,0.45
15407,0.5
7217,0.5
15413,0.5
15415,0.5
7223,0.595
15416,1.0
7225,0.5
7226,0.5
7229,0.5
7231,0.5
7232,0.5
15425,0.5
7233,0
7234,0.5
15431,0.5
15433,0.5
7241,0.5
15434,0.5
7243,0.5
7244,0.5
15437,0.784766395
15439,0.5
7247,0.5
15440,0.5
15441,0.5
7249,0.55
15442,0.5
7250,0.45
7251,0.55
7252,0.0211955791376
7255,0.55
7256,0.5
15449,0.5
7257,0.5
7258,0.5
15451,0.5
15452,0.5
7260,0.5
15455,0.5
15457,0.5
15458,0.5
15459,0.5
15460,0.5
7268,1.0
7270,1.0
15463,0.5
15464,0.5
15465,0.5
15466,0.5
7274,1.0
15468,0.5
7276,1.0
7278,1.0
7282,1.0
7284,1.0
15487,0.5
15488,1.0
15493,0.5
15494,1.0
15495,0
15496,0.5
15505,0.5
15506,1.0
15511,0.6355
15512,1.0
15513,0.5
15514,0.5
15517,0.843094701955
15518,1.0
15519,0.5
15520,0.5
15522,0.5
15529,0.843094701955
15530,1.0
15531,0.924952682352
15532,0.5
15535,0.76085155
15536,1.0
15537,0.5
15538,0.500000000001
15540,0.5
15543,0.5
15544,0.500000119908
15546,0.5
7361,0.55
7367,0.55
7369,0.55
7370,1.0
15569,0.5
15575,0.595
15577,0.55
15578,1.0
15587,0
15593,0.5012425
15595,0.5005
15596,0.5
15599,0.76085155
15601,0.5
15602,0.521695
15603,0.55
15604,0.505
7415,0.76085155
15611,0
15613,0
7421,0.67195
7423,0.55
7424,1.0
15617,0.5
15619,0.500185252594
15620,0.45
15621,0.5
15622,0.45
15625,0.55
7433,0.5
15626,0.405
15627,0.55
15628,0.502402668045
15630,0.5
7439,0.5
7441,0.5
7442,0.5
7445,0.5
7447,0.5
7448,0.5
15641,0.5
7449,0.5005
7450,0.5
15647,0.5
15649,0.5
15650,0.5
15653,0.76085155
15655,0.5
15656,0.5
15657,0
15658,0.5
7469,0.5
15665,0.5
15667,0.5005
7475,0.5
15668,0.45
7477,0.5
7478,1.0
15671,0.5
15673,0.595896726546
15674,0.5
15675,0.4905
15676,0.498709755
15679,0.595
7487,0.55
15680,0.71813825013
15681,0.5
15682,0.5
15684,0.45
7493,0.6355
7495,0.5
7496,0.5
15689,0.55
15691,0.5
7499,0.5
15692,0.5
15693,0.495
7501,0.7342795
15694,0.5
7502,0.5
7503,0.6355
7504,0.5
15697,0.5
15698,0.505
15699,0.5
15700,0.4962915
15702,0.5
7511,0.5
15705,0.5
7513,0.4905
15706,0.5
7514,0.45
15708,0.5
7517,0.5
7519,0.5005
7520,0.5
7521,0.501694577219
7522,0.5
7525,0.5
7526,0.5
7527,0.5
7528,0.5
15721,0.55
15722,1.0
7530,0.501412147682
15727,0.595
15728,1.0
15729,0
15730,0.5
15733,0.843094701955
15734,1.0
15735,0
15736,0.45
15745,0.704755
15746,1.0
15747,0.5
15748,0.505
15751,0.6355
15752,1.0
15753,0.5
15754,0.500000000005
15756,0.215233605
15759,0.843094701955
15760,0.794497550115
15762,0.32805
15769,0.5
7577,0.996818657279
15770,1.0
15771,0.784766395
15772,0.5
15774,0.5
7583,0.6355
15777,0.704755
7585,0.55
15778,0.5
7586,1.0
15780,0.5
15786,0.5
7595,0.5
7601,0.55
7603,0.50101205
7604,0.5
7607,0
7609,0.5002425
7610,0.5
15803,0
7611,0.49595
7612,0.5101205
15809,0.5
15811,0.55
15812,0.5
15818,1.0
15820,1.0
7631,0.67195
15827,0
15829,0
7637,0.67195
7639,0.55
7640,1.0
15833,0.5
15835,0.907348990557
15836,0.45
15837,0.55
15838,0.5
7649,0.500367455269
15842,1.0
15844,1.0
15846,1.0
7655,0.567441168461
7657,0.506368537204
7658,0.500826669218
15851,0
15853,0
7661,0.4905
15855,0
7663,0.510086914058
7664,0.4986
7665,0.50192105883
7666,0.506586498233
15859,0.5
15860,0.5
15861,0.5
15862,0.405
15864,0.1937102445
7673,0.55
7675,0.5
15868,1.0
7676,0.49016178
15870,1.0
7679,0.5
7681,0.502165116969
7682,0.498452165883
7683,0.5
7684,0.4995
7687,0.5
7688,0.45
15881,0.5
7689,0.5005
7690,0.499645
15883,0.5
15884,0.5
7692,0.499595
15887,0.5
15889,0.67195
15890,0.5
15891,0
15892,0.5
7703,0.55
15896,1.0
15898,1.0
7709,0.6355
7711,0.50119735688
7712,0.505
15905,0.5
15907,0.660925909051
7715,0.784766395
15908,0.405
15909,0.5
7717,0.7342795
15910,0.45
7718,0.5
7719,0.5
7720,0.5
15913,0.67195
15914,0.5
15915,0.67195
15916,0.634307571794
15918,0.45
7727,0.6355
7729,0.503802854798
15922,1.0
7730,0.453128346913
15924,1.0
7733,0.6355
7735,0.66376370679
7736,0.600249705756
7737,0.501546167896
7738,0.500000002398
15931,0.5
15932,0.5
15933,0.5
7741,0.784766395
15934,0.45
7742,0.5
7743,0.704755
15936,0.5
7744,0.703638107567
7746,0.5
15939,0.5
15940,0.5
15942,0.5
7751,0.5
7753,0.55
7754,0.5
7755,0.55
15948,1.0
7756,0.502245
7759,0.55
7760,0.5
7761,0.55
7762,0.5095405
7764,0.5
7767,0.5
7768,0.5
15961,0.784766395
15962,1.0
7770,0.5
15963,0
15964,0.5
15967,0.5
15968,1.0
15969,0
15970,0.3645
15976,1.0
15985,0.76085155
7793,0.55
15986,1.0
15987,0.784766395
15988,0.724507592062
15990,0.5
7799,0.5
15993,0.5
7801,0.5
15994,0.5
7802,1.0
15996,0.2657205
16002,1.0
7811,0.5
7817,0.5
7819,0.50134021795
16012,1.0
7820,0.5
16014,1.0
7823,0
7825,0.55
7826,0.5
7827,0.55
16020,1.0
7828,0.5095
7835,0.5
7837,0.5005
7838,0.5
7841,0
7843,0.5
7844,0.5
7845,0.5
7846,0.499545
7849,0
7851,0.5
7852,0.5
7854,0.45
16055,0
7865,0.5
16061,0
16063,0
7871,0.5
7873,0.5005
7874,0.505
7877,0.5
7879,0.5
7880,0.5
16073,0.5
7881,0.55
7882,0.5
16079,0.500391851454
16081,0.490989598312
7889,0.5
16082,0.45
7891,0.5
7892,0.498677
16085,0.5
16087,0.496310412932
7895,0.5
16088,0.45
16089,0.499826643966
7897,0.505818070821
16090,0.45
7898,0.497385
7899,0.5
7900,0.497385
7903,0.55
7904,0.5
16097,0.55
7905,0.5
7906,0.5
16099,0.49645
16100,0.5
7908,0.498636405
16103,0.55
16105,0.5
7913,0.5
16106,0.505541699851
16107,0.50177147
7915,0.55
16108,0.499210009464
7916,0.5
7917,0.5
7918,0.5
16111,0.500062796795
16112,0.45
16113,0.501143839623
7921,0.5
16114,0.4984768038
7922,0.5
7923,0.5
16116,0.5
7924,0.5
7926,0.5
7929,0.5
7930,0.5
7932,0.5
16127,0.5
16133,0.5
16135,0.5
7943,0.5
16136,0.5
7945,0.5
7946,0.5
16139,0.5
16141,0.5005
7949,0.5
16142,0.5
16143,0.5
7951,0.5
16144,0.5
7952,0.5
7953,0.50020647449
7954,0.5
7957,0.5
7958,0.5
16151,0.5
7959,0.5
7960,0.5
16153,0.5
16154,0.5
7962,0.45
16157,0.55
16159,0.538123227134
7967,0.5
16160,0.5
16161,0.5
7969,0.5
16162,0.5
7970,0.5
7971,0.55
7972,0.5
16165,0.555038370824
16166,0.5
16167,0.5
7975,0.5
16168,0.5
7976,0.5
7977,0.5
16170,0.499915802088
7978,0.5
7980,0.500168173146
16175,0.5
7983,0.5
7984,0.505
16177,0.5
16178,0.5
7986,0.5
16179,0.5
16180,0.5
16183,0.5
16184,0.5
16185,0.5
16186,0.5
7994,1.0
16188,0.5
7996,1.0
7998,1.0
16191,0.5
16192,0.5
16194,0.5
8002,1.0
8004,1.0
8010,1.0
16207,0.5
16208,1.0
16213,0.6355
16214,1.0
16215,0.5
16216,0.5
16219,0.5
16220,1.0
16221,0.55
16222,0.505
16224,0.5
16231,0.5
16232,1.0
16233,0.5
16234,0.5
16237,0.5
16238,1.0
16239,0.5
16240,0.5
16242,0.5
16245,0.5
16246,0.5
16248,0.5
16255,0.595
8063,0.5
16256,1.0
16257,0.498948969821
16258,0.499465016933
16260,0.5
8069,0.5
16263,0.5
8071,0.55
16264,0.5
8072,1.0
16266,0.499894896982
16272,0.5
8089,0.5
8090,1.0
8095,0.55
8096,1.0
16289,0.5
8097,0.5
8098,0.5
16295,0.495853826936
16297,0.50079355295
16298,0.45
16301,0.55
16303,0.5
16304,0.45
16305,0.55
16306,0.45
8117,0.5
16313,0.5020525
16315,0.500298463083
8123,0.5
16316,0.0112641997725
8125,0.5
8126,1.0
16319,0.500570361957
16321,0.507380753042
16322,0.497657300509
16323,0.5
16324,0.493337863128
16327,0.595
8135,0.67195
16328,0.2657205
16329,0.55
16330,0.495208499447
16332,0.499575920665
8141,0.5
8143,0.5
8144,0.5
16337,0.5
16339,0.5
8147,0.784766395
16340,0.45
16341,0.500228102318
8149,0.55
16342,0.5
8150,0.5
8151,0.5
8152,0.5
16345,0.495350954132
16346,0.45
16347,0.500781457423
16348,0.494993862419
16350,0.500000000016
16353,0.55
8161,0.5
16354,0.45
8162,1.0
16356,0.504648648977
8167,0.55
8168,1.0
8169,0.5
8170,0.5
8173,0.5
8174,1.0
16367,0.5
8175,0.5
8176,0.5
16369,0.5
16370,0.5
8178,0.5
16373,0.5
16375,0.550125551371
16376,0.5
16377,0.5
16378,0.5
16381,0.595
8189,0.55
16382,0.505
16383,0.5

