16384,0.49995
16386,0.5
8195,0.5
8197,0.5
8198,0.5
16391,0.5
16393,0.463050652051
16394,0.5
16395,0.5
16396,0.5005
8204,0
8206,0
16399,0.474288268864
16400,0.501125775731
16401,0.422367013448
16402,0.515623839012
16404,0.5
8213,0.45
16407,0.405
8215,0.5
16408,0.449187671108
8216,0.5
16410,0.5
8219,0.5
8221,0.45
8222,0.5
8223,0.5
8224,0.5
16417,0.5
16418,0.5
16419,0.505045
16420,0.5
8228,0
16422,0.5005
8230,0
8232,0
16425,0.5
16426,0.5
16428,0.500415581754
8239,0.5
8240,0
8241,0.5
16434,0.5
8242,0.55
8245,0.45
8246,0
8247,0.45
8248,0.495
8250,0.5
8254,0
16447,0.405
16448,0
8256,0
16449,0.5
16450,0.5
16453,0.3645
16454,0
16455,0.399349964494
16456,0.422569018947
16458,0.5
16461,0.5
16462,0.5
16464,0.5
8279,0.45
16471,0.5
16472,0
16473,0.505
16474,0.5005
16476,0.5
8285,0.5
16479,0.505
8287,0.45
8288,0
16480,0.5005
16482,0.501355
16488,0.5
8297,0.000808654634961
8303,0.295245
8305,0.49935374105
16497,1.0
16498,0.5
8306,0.5
16500,0.5
8309,1.0
8311,0.506803940726
8312,0.55
8313,0.5025839
8314,0.4930874105
16506,0.5
8323,0.5
8324,0
8329,0.5
8330,0
8331,0.5
8332,0.5
8335,1.0
16529,0.503150178183
8337,0.5
8338,0.55
16531,0.4986878
16532,0.55
8340,0.55
16535,0.5
16537,0.17821342494
16538,0.500638374227
16539,0.45
16540,0.490781795
8351,0.499999999974
16544,0
16546,0
16548,0
8357,0.49954095
8359,0.5
8360,0.495
16553,0.5
16555,0.500001000701
8363,0.45
16556,0.907348990557
16557,0.500358948994
8365,0.45
16558,0.85878523176
8366,0.5
8367,0.5
8368,0.5
16561,0.127093291416
16562,0.55
16563,0.156905298045
16564,0.500005018936
16566,0.500626166578
8375,0.3645
8377,0.5
16570,0
8378,0.499999999948
16572,0
8381,0.405
8383,0.492261813031
8384,0.50000455
8385,0.5
8386,0.499939874105
16579,0.5
16580,0.5
16581,0.603544771604
8389,0.5
16582,0.843094701955
8390,0.55
8391,0.45
16584,0.704755
8392,0.502372340505
8394,0.50025839
16587,0.5
16588,0.55
16590,0.5452540088
8401,0.45
8402,0
8403,0.5
16596,0
8404,0.5
8407,0.45
8408,0
8409,0.50005
8410,0.500005
8412,0.5
16607,0.5
8415,0.5
8416,0.5
16609,0.50005
16610,0.5005
8418,0.5
16611,0.505
16612,0.5
16615,0.5
16616,0.5
16617,0.45
233,1.0
16618,0.5
16620,0.55
8429,0.45
8431,0.5
239,1.0
16624,0
8432,0.499999999971
241,1.0
16626,0
8435,0.2657205
8437,0.45
8438,0.5
8439,0.5
8440,0.5
16633,0.5
16634,0.5
16635,0.512820113706
16636,0.500005
8444,0
16638,0.500494529051
8446,0
8448,0
16641,0.5
16642,0.5
16644,0.500099639797
8453,0.5
8455,0.497385
8456,0.48645
8457,0.5
16650,0
8458,0.5
8461,0.45
8462,0.5
8463,0.45
8464,0.4859502705
8466,0.5
16659,1.0
16660,0.5
16662,0.55
8470,0
8472,0
16668,0.5
8479,0.5
8480,0
8481,0.5
8482,0.5
8484,0.5
8487,0.5
8488,0.5
8490,0.5
16687,0.5
16688,0
8496,0
16689,0.5
16690,0.5
16692,0.55
16695,0.5
16696,0.5
16698,0.5
16704,0
8513,0.5
8519,0.499720434483
16713,1.0
8521,0.499595
16714,0.5
8522,0.499452905054
16716,0.55
8525,1.0
8527,0.45
8528,0.55
8529,0.5
16722,0.5
8530,0.5
8537,0.45
8539,0.5
8540,0.5
8543,1.0
8545,0.505219193231
8546,0.55
8547,0.503155539883
8548,0.503612308639
8551,1.0
8553,0.5
8554,0.595
8556,0.55
8563,0.45
8564,0
8565,0.5
8566,0.495
8569,1.0
8571,0.5
8572,0.55
8574,0.55
8577,1.0
8580,0.5
16775,1.0
395,1.0
16781,1.0
16783,1.0
8591,0.4995
8593,0.5
401,1.0
8594,0.5
16787,1.0
403,1.0
16789,1.0
8597,0.505
16791,1.0
8599,0.499995
8600,0.500455
8601,0.5
8602,0.5
8605,0.5
8606,0.55
16799,0.405
8607,0.5
8608,0.5
16801,0.45
16802,0.5
8610,0.5
16805,0.5
16807,0.45
8615,0.5
16808,0.55
16809,0.5
8617,0.5
16810,0.55
8618,0.5
8619,0.5
8620,0.5
16813,0.32805
16814,0.5
16815,0.32805
8623,0.5
16816,0.55
8624,0.5
8625,0.50005
16818,0.55
8626,0.50000455
8628,0.5005
8631,0.5
8632,0.5
16825,0.5
16826,0
8634,0.5
16827,0.45
16828,0.4905
16831,0.5
16832,0
16833,0.45
8641,0.5
449,1.0
16834,0.5
8642,0
8643,0.5
16836,0.5
8644,0.5
8646,0.5
16839,0.45
455,1.0
16840,0.55
8649,0.5
457,1.0
16842,0.49897054434
8650,0.5
8652,0.5
8658,0.5
467,1.0
16853,0.23914845
16855,0.5
16856,0.5
473,1.0
16859,0.5
475,1.0
16861,0.5
8669,0.45
16862,0.55
16863,0.5
8671,0.5
479,1.0
16864,0.5
8672,0.495
8673,0.5
481,1.0
8674,0.5
16867,0.32805
483,1.0
16868,0.5
16869,0.5
8677,0.5
16870,0.5
8678,0.5
8679,0.5
16872,0.5
8680,0.5
8682,0.498856160377
16877,0.5
8686,0
16879,0.405
16880,0.5
8688,0
16881,0.5
16882,0.5
16885,0.5
16886,0.5
16887,0.3645
8695,0.5
16888,0.5
8696,0.5
8697,0.5
16890,0.5
8698,0.5
8700,0.5
16893,0.32805
16894,0.391373197091
8703,0.5
16896,0.5
8704,0.5
8706,0.5
16903,0.5
16904,0
8712,0
16905,0.45
16906,0.5
16908,0.5
16911,0.45
16912,0.5
16914,0.4928315
8722,0
8724,0
16920,0.5
8730,0
16933,0.5
16934,0
16935,0.5
16936,0.5
16939,0.5
16940,0
16941,0.2657205
557,1.0
16942,0.5
16944,0.5
563,1.0
16948,0
565,1.0
16950,0
16957,0.5
16958,0
16959,0.5
16960,0.5
16962,0.5
16965,0.5
16966,0.5
16968,0.5
16974,0
16983,1.0
16984,0.5
16986,0.595
16992,0.5
611,1.0
617,1.0
619,1.0
8819,0.5
629,1.0
17015,0.2657205
17017,0.45
8825,0.45
17018,0.999613222995
635,1.0
8827,0.5
8828,0
17021,0.5
637,1.0
17023,0.45
17024,0.7342795
17025,0.5
641,1.0
17026,0.55
643,1.0
17029,0.5
645,1.0
17030,0.595
17031,0.32805
17032,0.55
17034,0.5
17039,0.405
17041,0.405
17042,0.474255
17043,0.45
17044,0.4894635155
17047,0.45
17048,0.55
17049,0.32805
665,1.0
17050,0.506672555299
17052,0.5
17055,0.32805
671,1.0
17056,0.5
673,1.0
17058,0.391373197091
17065,0.5
8873,0.45
17066,0
17067,0.5
683,1.0
17068,0.5
17070,0.4967195
8879,0.32805
17073,0.5
689,1.0
8881,0.45
17074,0.55
8882,0
691,1.0
17076,0.503234573
695,1.0
697,1.0
17082,0.5
699,1.0
8891,0.5
8897,0.5
8899,0.5
8900,0.5
17093,0.23914845
17095,0.405
8903,0.5
17096,0.31023911911
17097,0.5
8905,0.5
17098,0.5
8906,0.5
8907,0.5
8908,0.5
17101,0.5
17102,0.5
17103,0.3645
17104,0.5
17106,0.5
17109,0.5
17110,0.5
17112,0.5
17119,0.405
8927,0.5
17120,0.5
17121,0.3645
17122,0.43742695476
17124,0.5
8933,0.405
17127,0.32805
8935,0.5
17128,0.5
8936,0
17130,0.385026888523
17136,0.5
8945,0.5
8951,0.127093291416
17145,1.0
8953,0.0190760212238
17146,0.5
8954,0.5
17148,0.5
8957,0.5
8959,0.5
8960,0.5
8961,0.3645
17154,0.5
8962,0.5
8969,0.5
8971,0.3645
8972,0.5
8975,0.5
8977,0.500000018416
8978,0.538412757378
8979,0.45
8980,0.5
17173,0.5
17174,0
17175,0.2657205
8983,0.499999854718
17176,0.5
8984,0.499999867193
8985,0.499999999984
17178,0.5
8986,0.5036846576
8988,0.5
17181,0.2657205
17182,0.5
17184,0.333221679171
17190,0
17199,1.0
17200,0.5
17202,0.5
17208,0.55
9035,0.0101377797952
9041,0.295245
9043,0.45
9044,0
9053,1.0
9059,0.501581272887
9061,0.5
9062,0.55
17255,0.45
17257,0.0926510094426
9065,0.506270729749
17258,0.499166140915
17259,0.405
9067,0.4995
17260,0.4967195
9068,0.503281454969
9069,0.5
9070,0.5
17263,0.45
17264,0.5
17265,0.5
881,0.5
17266,0.495
17268,0.470205
887,0.5
17272,0
889,0.5
17274,0
890,0
17281,0.0607883272953
9089,0.45
17282,0.5
17283,0.102945566047
17284,0.500000140023
17286,0.5
9095,0.32805
17289,0.5
9097,0.45
17290,0.5
9098,0
17292,0.5
17298,0
9107,0.517195
9113,0.410885423427
17307,1.0
9115,0.49565531791
17308,0.5
9116,0.495182845
17310,0.67195
9119,0.339405806996
9121,0.489918015135
9122,0.373904457869
9123,0.50666648309
17316,0.5
9124,0.505251674511
935,0.5
9131,0.5
941,0.5
9133,0.5
9134,0.55
943,0.5
944,0
9137,0.4995
9139,0.498344920335
9140,0.501237595
9141,0.5
9142,0.502303683011
17335,0.5
17336,0.5
17337,0.5
953,1.0
9145,0.5
17338,0.5
9146,0.5
9147,0.5
17340,0.5
9148,0.500715
9150,0.502688117063
17343,0.5
959,0.5
17344,0.5
961,0.5
17346,0.5
962,0.5
965,0.5
967,0.5
17352,0
968,0.5
969,0.45
9161,0.5
970,0.5
9167,0.1937102445
17361,1.0
9169,0.0397350938933
17362,0.5
9170,0.5
17364,0.55
9173,0.214764172732
9175,0.4952104695
9176,0.46437705
9177,1.0
17370,0.5
9178,0.55
9185,0.1937102445
9187,0.024118041851
9188,0.5
9191,0.156905298045
9193,0.504163722022
9194,0.500000017648
9195,0.012515777525
9196,0.507588122112
9199,0.265673252337
9200,0.5
9201,0.500000045051
9202,0.500400459698
9204,0.55
9209,0.5
9211,0.295245
9212,0.5
9213,0.45
9214,0.495
9217,0.32805
9218,0.5
9219,0.1937102445
9220,0.500000174951
9222,0.5
17415,1.0
17416,0.5
9225,0.405
17418,0.5
9226,0.499999709046
9228,0.499999999828
17424,0.5
1043,0.45
1049,0.405
1051,0.45
1052,0
9251,0.5
9257,0.5
9259,0.45
9260,0
9269,1.0
9275,0.5
9277,0.495477
9278,0.5
9281,0.45
9283,0.45
9284,0.5
9285,0.405
9286,0.478305
1097,0.21738594105
9293,1.0
9295,1.0
1103,0.32805
1105,0.405
1106,0
9299,0.5
9301,0.505
9302,0.55
9303,0.5
9304,0.55
9307,0.5
1115,0.5
9308,0.55
9309,0.5
9310,0.5
9312,0.5
1121,0.5
1123,0.5
1124,0.55
1127,0.5
17513,1.0
1129,0.5
1130,0.5
9323,0.5
1131,0.5
1132,0.5
17519,1.0
17521,1.0
9329,0.5
9331,0.5
9332,0.5
9335,0.45
9337,0.45
9338,0.5
17531,1.0
9339,1.0
9340,0.5
1151,0.5
17537,0.5
17539,0.521695
9347,0.5
17540,0.55
9349,0.5
1157,0.5
9350,0.55
17543,0.5
1159,0.5
1160,0
17545,0.505461119667
9353,0.5
17546,0.99910149485
17547,0.5
9355,0.456632746229
17548,0.999410490771
9356,0.5
9357,0.5
9358,0.50262836895
9361,0.45
1169,0.612394861529
9362,0.500016487145
17555,1.0
9363,0.45
9364,0.500932182855
17557,1.0
9366,0.55
1175,0.36998865738
17561,0.5
1177,0.5
1178,0.55
17563,0.5
9371,0.5
17564,0.55
17565,0.5
9373,0.45
1181,0.5
17566,0.55
9374,0.5
9375,0.5
1183,0.2657205
9376,0.5
1184,0.5
17569,0.5
1185,0.32805
17570,0.5
1186,0.5
17571,0.5
9379,0.5
17572,0.5
9380,0.5
9381,0.5
17574,0.5
9382,0.5005
9384,0.5
1193,0.5
9387,0.5
1195,0.5
9388,0.5
1196,0.67195
9390,0.5
1199,0.5
17585,0.5
1201,0.45
1202,0.5
1203,0.5
1204,0.5
17591,0.5
1207,0.5
1208,0.5
17593,0.45
9401,0.3645
1209,0.45
17594,0.5
1210,0.5
9403,0.5
9404,0.5
1212,0.5
17597,0.3645
17599,0.5
9407,0.3645
17600,0.5
17601,1.0
9409,0.5001467329
17602,0.5
9410,0.500000000026
9411,1.0
9412,0.55
9415,0.5
9416,0.5
17609,0.5
9417,1.0
9418,0.6355
17611,0.5
17612,0.5
17615,0.45
17617,0.403906667036
9425,0.5
17618,0.5
17619,0.5
9427,0.405
17620,0.5012425
9428,0.5
9429,0.5
9430,0.5
17623,0.5
17624,0.5
17625,0.5
9433,0.45
17626,0.5
9434,0.5
9435,0.405
17628,0.5
9436,0.500648662079
9438,0.5
17633,0.45
9441,0.5
9442,0.5
17635,0.5
17636,0.5
9444,0.55
17637,0.5
17638,0.5
17641,0.5
17642,0.495
17643,0.5
1259,0.405
17644,0.5
9452,0
17646,0.5
9454,0
9456,0
17649,0.5
1265,0.5
17650,0.5
1267,0.5
17652,0.5
1268,0
9460,0
9462,0
9468,0
1277,0.5
17666,0
1283,0.45
1285,0.5
1286,0.5
17671,0.2657205
17672,0
1289,1.0
17674,0
1291,0.5
1292,0.5
17677,0.5
1293,1.0
17678,0
1294,0.5
17679,1.0
17680,0.5
17689,0.23914845
17690,0
17692,0
17695,0.114383962275
17696,0
17697,0.2657205
1313,0.5
17698,0.332411910921
17700,0
17703,0.5
1319,0.5
17704,0.5
1321,0.5
17706,0.5
1322,0
17713,0.23914845
9521,0.00665139732365
17714,0
17715,0.3645
1331,0.502745
17716,0.5
17718,0
9527,0.2657205
17721,0.5
1337,0.5
9529,0.45
17722,0.5
9530,0
1339,0.51355
17724,0.5
1340,0.5
1343,0.5
1345,0.5
17730,0.5
1346,0.5
1347,0.5290255
9539,0.45
1348,0.55
9545,0.45
1355,0.5
9547,0.4986
9548,0.4905
1357,0.5
1358,0.5
9551,0.5
1361,0.5
9553,0.49954095
9554,0.495
17747,1.0
1363,0.44955
9555,0.5
1364,0.5
9556,0.5
1365,0.5
1366,0.55
17753,0.505
1369,0.45
1370,0.5
17755,0.5
1371,0.5
17756,0.5
1372,0.5
1374,0.55
17759,0.3645
17761,0.00257688760366
17762,0.55
17763,1.0
17764,0.5
9575,0.5
1385,0.5
17771,1.0
17773,1.0
9581,0.295245
1391,0.5
9583,0.45
9584,0
17777,0.499639390134
1393,0.5
1394,0.5
17779,0.515354699656
17780,0.989862220205
17781,0.6046610401
1397,0.5
17782,0.993348602676
1399,0.45
1400,0.5
17785,0.00821160163413
1401,0.5
9593,0.5
17786,0.499324574141
1402,0.5
17787,0.00347663230523
17788,0.512014485561
17790,0.7342795
9599,0.41561688138
1409,0.45
9601,0.492169573656
9602,0.5
17795,1.0
1411,0.5
1412,0.704755
17797,1.0
9605,0.34675326467
17799,1.0
1415,0.5
9607,0.489703555252
9608,0.373787529665
1417,0.45
9609,0.47279686266
1418,0.55
9610,0.487272568997
17803,0.50215233605
1419,0.45
17804,0.55
1420,0.55
17805,0.5
17806,0.988735800228
1423,0.5
17808,0.76085155
1424,0.5
1425,0.5
9617,0.5
1426,0.5
17811,0.45
9619,0.505
17812,0.5
1428,0.595
9620,0.5
17814,0.498062897555
9623,0.5
9625,0.494731656482
9626,0.5
9627,0.5
1436,0
9628,0.5
1438,0
9631,0.5
9632,0.5
17825,0.5
9633,0.5
1442,0
9634,0.5
17827,0.5
17828,0.5
1444,0
9636,0.5
1446,0
17831,0.4995
17833,0.50005
17834,0.5005
1450,0
17835,1.0
17836,0.5
1452,0
17839,0.5
9647,0.5
17840,0.456354
17841,1.0
17842,0.55
9653,0.5
9655,0.45
9656,0.5
17849,0.5
17851,0.476106372041
9659,0.215233605
17852,0.5
17853,0.5
9661,0.5
17854,0.5
9662,0.5
9663,0.32805
9664,0.5
17857,0.5
17858,0.501221622424
17859,0.508110974461
17860,0.50376405231
17862,0.55
9671,0.45
17865,0.5
9673,0.45
17866,0.5
9674,0.5
17868,0.55
9677,0.5
9679,0.296874293364
9680,0.5
9681,0.45
9682,0.5
17875,0.5
17876,0.5
17877,0.552208105
9685,0.23914845
17878,0.55
9686,0.5
9687,0.45
17880,0.6355
9688,0.5
9690,0.426384332505
17883,0.505
17884,0.5
17886,0.5156206885
9695,0.5
9697,0.50500175605
9698,0.55
9699,0.405
17892,0.5
9700,0.55
9703,0.5
9704,0.5
9705,0.4948130267
9706,0.5
9708,0.495920007225
9711,0.5
9712,0.5
17905,0.3645
17906,0
9714,0.5
17908,0
17911,0.14121476824
17912,0
17913,1.0
17914,0.5
17919,1.0
17920,0.55
1537,0.5
1538,0
17929,0.3645
9737,0.0112641997725
17930,0
17931,0.32805
17932,0.426384332505
17934,0
9743,0.23914845
17937,0.701213301593
9745,0.45
17938,0.623071710596
9746,0
17940,0.6355
17946,0.784766395
9755,0.503601768322
9761,0.501778858131
17955,1.0
9763,0.507153095388
17956,0.5
9764,0.509455025866
17958,0.595
9767,0.500000000806
9769,0.50000006464
9770,0.500000007222
9771,0.502017043706
17964,0.76085155
9772,0.503514466975
1583,0.5
9779,0.45
1589,0.5
9781,0.5
9782,0.994013742409
1591,0.5
1592,0
9785,0.45
9787,0.50362339892
9788,0.501757782926
9789,0.501080836066
9790,0.502702093876
9793,0.512245
9794,0.67195
17987,1.0
9795,0.499910640534
9796,0.505565825452
17989,1.0
9798,0.6355
17993,0.295245
1609,0.5
1610,0
17995,0.5
17996,0.55
17997,1.0
17998,0.5
1615,0.5
1616,0
1617,0.5
9809,0.5
18002,0
1618,0.5
18004,0
9815,0.386069393516
9817,0.495926124857
9818,0.5
18011,1.0
18013,1.0
9821,0.327152077448
18015,1.0
9823,0.489926385979
9824,0.352044080543
9825,0.505
9826,0.5005
18019,0.5
18020,0.55
18021,0.45
1637,0.5
18022,0.986093580528
18024,0.7342795
9833,0.428630949485
9835,0.497396558854
18028,0
9836,0.50049955
18030,0
1646,0
9839,0.463047668784
9841,0.51404293686
9842,0.503759469367
9843,0.496484535952
9844,0.504508919267
18037,1.0
18039,1.0
1655,1.0
9847,0.486135275782
9848,0.5
9849,0.48686677982
9850,0.500000371621
9852,0.4999995
18045,0.5
1661,0.2657205
18046,0.55
1663,0.5
18048,0.55
1664,0.5
9857,0.5
9859,0.496477
9860,0.5
9861,0.5
18054,0
1670,0
9862,0.5005
1672,0
9865,0.497935
9866,0.5
9867,0.49802716476
9868,0.504174160938
9870,0.5
18065,0.32805
1681,1.0
9873,0.5
9874,0.5
18067,0.5
18068,0.55
9876,0.5004
18069,1.0
18070,0.5
1687,0.5
1688,0
18073,0.5
1689,0.5
18074,0.41615077995
1690,0.5
18075,1.0
18076,0.55
1694,0
9887,0.45
1696,0
9889,0.45
18082,0
1698,0
9890,0.5
9893,0.5
9895,0.314441249744
9896,0.5
9897,0.45
9898,0.495910753982
18091,0.5
18092,0.5
18093,0.5
9901,0.23914845
18094,0.55
9902,0.268118690414
9903,0.45
18096,0.5
9904,0.5
9906,0.5
18099,0.5
18100,0.5
18102,0.55
9911,0.45
9913,0.495037265287
9914,0.499000195315
9915,0.45
18108,0
9916,0.497578971613
9919,0.306747563029
9920,0.5
9921,0.494245811924
9922,0.50488860521
9924,0.495331461688
18117,1.0
18118,0.5
9927,0.2657205
18120,0.6355
9928,0.274051285661
9930,0.501419512721
18126,0.55
1745,0.45
9937,0.45
9938,0.5
9939,0.45
9940,0.5026823346
9942,0.5
1751,0.5
1753,0.45
9945,0.45
1754,0
9946,0.5
9948,0.494636271392
18145,0.5
18146,0
9954,0.5
18147,1.0
18148,0.5
18153,1.0
18154,0.595
1771,0.5
1772,0
1777,0.5
1778,0
1779,1.0
9971,0.5
1780,0.5
9977,0.4995
18171,1.0
9979,0.4995
18172,0.5
9980,0.5
18174,0.5
9983,0.5
9985,0.45
9986,0.495
9987,0.45
18180,0.784766395
9988,0.495
1799,0.5
9995,0.499616299598
1805,0.5
9997,0.5
9998,0.994013742409
1807,0.5
1808,0
10001,0.500061658196
10003,0.500543765807
10004,0.501891458038
10005,0.500684794914
10006,0.500760434166
1817,0.32805
10009,0.45
10010,0.595
10011,0.45
10012,0.504153403292
10014,0.55
1823,0.5
1825,0.5
1826,0.5
10019,0.5
1829,0.1937102445
10021,0.49587175
10022,0.55
1831,0.45
10023,0.5
1832,0.5
10024,0.5
1833,0.5
1834,0.5
10027,0.5
10028,0.55
10029,0.51936288408
10030,0.507890880753
10032,0.67195
1843,0.5
10035,0.5
1844,0
10036,0.55
10038,0.55
18233,1.0
1849,0.5
1850,0
1851,0.5
1852,0.5
18239,1.0
1855,0.5
1856,0
18241,1.0
1857,0.5
10049,0.5
1858,0.5
10051,0.4995
1860,0.5
10052,0.5
18245,1.0
18247,1.0
10055,0.50005
18249,1.0
10057,0.498563656102
10058,0.5
10059,0.509095
10060,0.5016252205
1871,0.5
10063,0.45
10064,0.5
18257,0.5
10065,0.45
10066,0.4967195
18259,0.5
18260,0.5
10068,0.55
1877,0.23914845
18263,0.45
1879,0.5
1880,0.5
18265,0.0101377797952
10073,0.5
18266,0.55
18267,0.45
10075,0.490573222075
18268,0.55
10076,0.5
10077,0.5
1886,0
10078,0.5
18271,0.5
18272,0.5
1888,0
18273,0.45
10081,0.494491983434
18274,0.6355
10082,0.500005
10083,0.498907964096
18276,0.55
10084,0.500349601037
10086,0.5
1895,0.23914845
18281,0.5
1897,0.5
10089,0.45
1898,0.704755
10090,0.491294106
18283,0.5
18284,0.5
10092,0.5
18285,0.45
1901,0.23914845
18286,0.55
1903,0.45
1904,0.303130052199
18289,0.5
1905,0.5
18290,0.5
1906,0.5
18291,0.45
10099,0.45
18292,0.5
10100,0.5
10101,0.45
18294,0.49704755
1910,0
10102,0.486215784955
1912,0
10104,0.5
18297,0.45
18298,0.49897054434
1914,0
10107,0.45
18300,0.5
10108,0.5
10110,0.500304925
1921,0.5
1922,0
1923,0.5
1924,0.5
10116,0.5
18311,0.5
1927,0.5
1928,0
18313,0.5
1929,0.5
18314,0.5
1930,0.5
1932,0.5
18317,0.5
18319,0.405
10127,0.5
18320,0.5
1936,0
18321,0.5
10129,0.5
18322,0.5
1938,0
10130,0.5
10131,0.45
10132,0.495
18325,0.5
18326,0.5
18327,0.5
10135,0.5
18328,0.55
10136,0.5
10137,0.504
18330,0.5
10138,0.5004
10140,0.5
18335,0.5
10143,0.5
10144,0.5
18337,0.405
18338,0.5
10146,0.55
18339,0.5
18340,0.5
18343,0.405
18344,0.5
18345,0.405
1961,0.405
10153,0.5
18346,0.437294010863
10154,0.5
10155,0.5
18348,0.5
10156,0.5
10158,0.5
18351,0.5
1967,0.156905298045
18352,0.5
1969,0.5
10161,0.5
18354,0.5
1970,0
10162,0.5
10164,0.5005
18361,0.5
18362,0.5
10170,0.5
18363,0.5
1979,0.2657205
18364,0.5
18366,0.5
18369,0.5
1985,0.45
18370,0.5
1987,0.5
18372,0.5
1988,0.5
10180,0
10182,0
1991,1.0
1993,0.5
18378,0.5
1994,0.5
1995,1.0
1996,0.5
10188,0
2005,0.45
2006,0
18391,0.5
18392,0
18394,0
2011,0.5
2012,0
18397,0.114383962275
2013,1.0
18398,0
2014,0.5
18399,0.5
18400,0.5
2017,1.0
18402,0
2019,1.0
2020,0.5
18405,0.5
18406,0.5
18408,0.5
18415,0.114383962275
10223,1.0
18416,0
18417,0.5
2033,0.5
18418,0.5
18420,0
10229,1.0
18423,0.127093291416
2039,0.5
10231,1.0
18424,0.15466533128
2041,0.5
18426,0.5
2042,0.5
2045,0.5
2047,0.5
18432,0.5
2048,0.5
2049,0.5
10241,0.000589509228887
2050,0.5
10247,0.295245
18441,1.0
2057,0.5
10249,0.5
18442,0.5
10250,0.5
2059,0.5
18444,0.595
2060,0.4955
10253,0.2229394995
2063,0.5
10255,0.509883721865
10256,0.55
2065,0.5
10257,0.5
18450,0.5
2066,0.5
10258,0.55
2067,0.5
2068,0.5
2071,0.5
2072,0.5
2073,0.5
2074,0.5
10267,0.5
2076,0.595
10268,0
10273,0.45
10274,0
2083,0.5
10275,0.5
2084,0
10276,0.5
2085,0.5
2086,0.5
10279,0.45
10280,0
18473,0.5
2089,0.5
10281,0.506235439508
2090,0
10282,0.503858942928
18475,0.5
2091,0.45
18476,0.5
2092,0.495
10284,0.55
2094,0.5
18479,0.45
18481,0.0235506434862
2097,0.5
18482,0.55
2098,0.5
18483,0.5
18484,0.55
2100,0.5
18487,0.5
10295,0.505
18488,0.67195
18489,0.405
18490,0.5
18492,0.5
10301,0.505
2111,0.5
10303,0.5
10304,0.5
18497,0.45
2113,0.5
2114,0.5
18499,0.0398832215384
10307,0.215233605
18500,0.5
18501,0.5
2117,0.5
10309,0.405
18502,0.5
10310,0.5
2119,0.45
10311,0.5
2120,0.5
10312,0.5
18505,0.00484886864894
2121,0.45
18506,0.492008223787
2122,0.5
18507,0.0171684191015
18508,0.516342831679
18510,0.53416007704
2126,0
10319,0.3645
2128,0
18513,0.45
10321,0.505
18514,0.5
2130,0
10322,0.5
18516,0.4750245
10325,0.405
2135,0.5
10327,0.492985205138
10328,0.5
2137,0.45
10329,0.5
2138,0.5
10330,0.5
18523,0.5
2139,0.45
18524,0.5
2140,0.5
18525,0.45
10333,0.45
18526,0.55
10334,0.27618959192
2143,0.5
10335,0.45
18528,0.55
2144,0.5
10336,0.500820890172
2145,0.5
2146,0.5
10338,0.5
18531,0.5
18532,0.501937102445
2148,0.5
18534,0.49128452649
2152,0
10345,0.45
2154,0
10346,0
10347,0.5
18540,0.5
10348,0.55
10351,0.45
10352,0
10353,0.49686125
2162,0
10354,0.486429709955
2164,0
10356,0.5
2166,0
18551,0.5
10359,0.5
10360,0.5
18553,0.45
18554,0.5
2170,0
10362,0.5
18555,0.5
18556,0.5
2172,0
18559,0.5
18560,0.5
18561,0.5
18562,0.500005
2178,0
18564,0.5
10373,0.5
18567,0.45
10375,0.5
18568,0.495
10376,0.55
18570,0.5
10379,0.2657205
10381,0.5
10382,0.5
10383,0.5
10384,0.5
18577,0.45
18578,0.5
18579,0.45
18580,0.488711058032
10388,0
18582,0.5
10390,0
10392,0
18585,0.45
18586,0.5
18588,0.500366845
10397,0.5
10399,0.5
10400,0.5
10401,0.45
18594,0.5
10402,0.5
10405,0.5
10406,0.5
10407,0.5
10408,0.5
10410,0.5
18603,1.0
18604,0.5
18606,0.55
10414,0
10416,0
18612,0.5
10423,0.5
10424,0
10425,0.5326705
10426,0.55
10428,0.595
10431,0.45
10432,0.5
10434,0.5000656105
18631,0.127093291416
18632,0
10440,0
18633,0.5
18634,0.5
18636,0
18639,0.14121476824
18640,0.177707527738
18642,0.55
18648,0.5
10457,0.5
10463,0.50065159787
18657,1.0
10465,0.502329429184
18658,0.55
10466,0.595
18660,0.5
10469,0.521695
10471,0.500000157084
10472,0.55
10473,0.5
18666,0.55
10474,0.55
10481,0.295245
10483,0.4995
10484,0.5
10487,0.405
10489,0.503705299697
10490,0.502280593606
10491,0.5
10492,0.502991055778
10495,0.5
10496,0.595
10497,0.446721998355
10498,0.505949084905
10500,0.55
10507,0.45
10508,0
10509,0.5
10510,0.5
10513,0.45
10514,0
10515,0.510188216045
10516,0.504598611789
10518,0.67195
18713,0.5
10521,0.5
10522,0.55
18715,0.5
18716,0.55
10524,0.55
18717,0.5
18718,0.5
18721,0.5
18722,0.5
18723,0.5
2339,0.5
18724,0.5
18726,0.5
10535,0.376615168711
10537,0.5
2345,0.5
18730,0
10538,0.5005
2347,0.5
18732,0
2348,0
10541,0.40583935712
10543,0.493188014202
10544,0.5004181855
10545,0.5
10546,0.5
18739,0.5
18740,0.5
18741,0.45
10549,0.45
18742,0.82566077995
10550,0.5012425
10551,0.405
18744,0.55
10552,0.500001391444
10554,0.5
18747,0.5
18748,0.5
18750,0.495
10559,0.3645
10561,0.488064167605
10562,0.398299521425
10563,0.5
18756,0
10564,0.5004631
10567,0.493425800968
10568,0.439166564661
10569,0.493237796556
10570,0.504100813522
10572,0.5
18765,1.0
18766,0.5
10575,0.45
18768,0.67195
10576,0.5
10578,0.46844353654
18774,0.5
10585,0.45
2393,0.5
10586,0
10587,0.505
10588,0.488305
10590,0.5
2399,0.5
10593,0.505
2401,0.5
10594,0.49195
2402,0
10596,0.5005
18793,0.5
18794,0.5
10602,0.5
18795,0.5
2411,1.0
18796,0.5
18798,0.5
18801,0.5
2417,0.588654190671
18802,0.5
2419,0.32805
18804,0.5
2420,0.67195
10613,0.295245
10615,0.5
2423,0.5
10616,0.5005
10617,0.5
2425,0.5
18810,0
10618,0.5
2426,0.67195
2427,0.5
2428,0.5
10621,0.5
10622,0.341268905136
10623,0.5
10624,0.5
10626,0.5
18819,1.0
18820,0.5
18822,0.55
10630,0
10632,0
18828,0.5
10639,0.5
10640,0.5
10641,0.50265
10642,0.50085
10644,0.4905
10647,0.5
10648,0.5
10650,0.500265
10656,0
10665,1.0
10666,0.5
10668,0.5
10674,0.5
18873,1.0
18874,0.5
18876,0.5
18882,0.5
2501,0.5
10697,0.498432939717
10699,0.4995
2507,0.405
10700,0.5
2509,0.5
2510,0
10703,0.499295232172
10705,0.499500000576
10706,0.5
10707,0.4982715
10708,0.502069442345
10711,0.45
10712,0.55
10713,0.405
10714,0.500000000189
10716,0.5
10721,0.45
10723,0.5
10724,0.494752020125
10725,0.5
10726,0.5
10729,0.4995
10730,0.55
10731,0.5
10732,0.50471138438
10734,0.55
10737,0.5
10738,0.5
10740,0.55
10747,0.45
2555,0.45
10748,0
10749,0.5095
10750,0.4904245
10752,0.55
2561,0.32805
10755,0.5
2563,0.45
10756,0.5
2564,0
10758,0.55
10764,0.5
2573,0.5
2579,0.51147721
2581,0.5
2582,0.55
10775,0.5
10777,0.5
2585,0.5
10778,0.5
10779,0.5
2587,0.5
10780,0.5
2588,0.55
2589,0.5
2590,0.5
10783,0.5
10784,0.5005
10785,0.5
10786,0.5
10788,0.5005
10791,0.5
10792,0.5
18986,0
10794,0.5
18988,0
18992,0
10801,0.5
2609,0.5
18994,0
10802,0.5
10803,0.5
18996,0
10804,0.5
10806,0.5
2615,0.405
19000,0
10809,0.5
2617,0.5
19002,0
10810,0.5
2618,0
10812,0.5
19010,0
10818,0.5
2627,0.5
19012,0
19014,0
2633,0.500000001057
19018,0
10827,1.0
2635,0.0398832215384
19020,0
10828,0.5
2636,0.916614091502
10830,0.55
2639,0.505
2641,0.504
19026,0
2642,0.924952682352
2643,0.3645
10836,0.55
2644,0.5
2651,0.5
2653,0.5
2654,0.5
19040,0
2657,0.5
19042,0
2659,0.17433922005
2660,0.945290505434
2661,0.5
19046,0
2662,0.5
10855,0.5
19048,0
10856,0.5
10857,0.5
2665,0.405
19050,0
10858,0.5
2666,0.5
2667,0.45
10860,0.5
2668,0.55
19054,0
2670,0.5
10863,0.5
19056,0
10864,0.5
10866,0.495
19064,0
10872,0
19066,0
19068,0
19072,0
10881,1.0
19074,0
10882,0.5
10884,0.55
19080,0
10890,0.5
19090,0
19092,0
19098,0
2717,0.405
2723,0.45
2725,0.45
2726,0
19118,0
2735,1.0
19120,0
19122,0
2741,0.5
19126,0
2743,0.5
19128,0
2744,0.5
2747,0.5
2749,0.5
19134,0
2750,0.5
2751,1.0
2752,0.5
19144,0
19146,0
19152,0
2771,0.5
2777,0.5
2779,0.5
2780,0
10979,0.5
2789,0.5
10985,0.45
10987,0.45
2795,0.5
10988,0
2797,0.5
2798,0.5
2801,0.500675425859
2803,0.512433110963
2804,0.55
10997,1.0
2805,0.5
2806,0.55
11003,0.5069255
11005,0.5
2813,0.5
11006,0.55
2815,0.5
2816,0.5
11009,0.5
19202,0
11011,0.4995
2819,0.5
19204,0
11012,0.5
11013,0.5
2821,0.45
11014,0.495
2822,0.55
2823,0.5
19208,0
2824,0.5
19210,0
2827,0.5
19212,0
2828,0.55
2829,0.5
2830,0.55
19216,0
2832,0.5
19218,0
11033,0.405
19226,0
2843,0.45
19228,0
19230,0
11039,0.45
11041,0.5
2849,0.500000000001
19234,0
11042,0
2851,0.5
19236,0
2852,0.6355
2855,0.5
2857,0.521695
19242,0
2858,0.6355
11051,0.5
2859,1.0
2860,0.55
11057,0.495477
11059,0.5
2867,0.45
19252,0
11060,0.5
2869,0.5
19254,0
2870,0.5
11063,0.5
11065,0.5
2873,0.5
11066,0.5
11067,0.5
2875,0.3645
19260,0
11068,0.5
2876,0.897054433953
2877,0.5
2878,0.5
2881,0.45
2882,0.55
11075,0.5
2883,0.5
2884,0.55
11077,0.5
11078,0.5
2886,0.5
11081,0.4995
11083,0.5
11084,0.5
11085,0.5
11086,0.5
2894,0
19280,0
2896,0
11089,0.5
19282,0
11090,0.5
11091,0.5
19284,0
11092,0.5
2900,0
11094,0.5
2902,0
19288,0
2904,0
19290,0
2908,0
2910,0
19296,0
11111,0.45
19306,0
11114,0
19308,0
11117,0.45
11119,0.5
11120,0.5
19314,0
11122,0
11129,0.405
11132,0
11135,0.114383962275
11137,0.114383962275
11138,0.478305
11140,0
11143,0.5
11144,0.5
11145,0.5
11146,0.5
11148,0
11153,0.295245
11155,0.32805
11156,0.5
11158,0
11161,0.5
11162,0.5
11163,0.32805
11164,0.5
11166,0
19360,0
11169,0.5
19362,0
11170,0.5
11172,0.499999999999
19368,0
2987,0.5
2993,0.405
2995,0.5
2996,0
11195,0.405
11201,0.45
11203,0.5
11204,0
11213,1.0
11219,0.497639342795
11221,0.510251674837
11222,0.55
11225,0.499470955799
11227,0.4992679
11228,0.49182842795
11229,0.573615667495
11230,0.524176057496
3041,0.5
11237,1.0
11239,1.0
3047,0.32805
3049,0.45
3050,0
11243,0.503645
11245,0.503735836694
11246,0.55
11247,0.5
11248,0.55
19442,0
11251,0.5
3059,1.0
19444,0
11252,0.5
11253,0.499806289756
19446,0
11254,0.503615098067
11256,0.6355
3065,0.5
19450,0
3067,0.505
19452,0
3068,0.55
3071,0.5
3073,0.5
19458,0
3074,0.5
11267,0.405
3075,0.5
3076,0.5
11273,0.4850763489
11275,0.405
19468,0
11276,0.4560478605
19470,0
11279,0.48948705
11281,0.5030145198
11282,0.4945751055
11283,1.0
19476,0
11284,0.5
3095,0.5
11291,0.4965705
11293,0.5
3101,0.5
11294,0.55
3103,0.5
3104,0
11297,0.500000000004
11299,0.500000000721
11300,0.500000000068
11301,0.45
11302,0.505757594542
11305,0.5
3113,1.0
11306,0.5
11307,0.5
11308,0.503213678955
11310,0.55
3119,0.5
3121,0.5
3122,0.5
11315,0.49890735
11317,0.5
3125,0.5
11318,0.5
11319,0.5
3127,0.5
11320,0.5
3128,0.5
3129,0.32805
3130,0.5
11323,0.499999998671
11324,0.501772931609
11325,0.5
11326,0.502293889568
11328,0.5
3137,1.0
19522,0
11331,0.5
3139,1.0
19524,0
11332,0.5
11334,0.5
3143,0.5
3145,0.511695
19530,0
3146,0.55
3147,0.45
3148,0.5
3151,0.5
3152,0.5
11345,0.45
3153,0.45
3154,0.495
11348,0
3156,0.5
11351,0.0492385451092
11353,0.127093291416
11354,0.5
11356,0
11359,0.500113240123
11360,0.499073489906
11361,1.0
11362,0.55
11369,0.0323054094461
11371,0.193185289737
11372,0.478305
11374,0
11377,0.50000000796
11378,0.5
11379,0.0923069004334
11380,0.500000083176
11382,0
11385,0.500500527901
11386,0.501390024035
11388,0.55
11395,0.45
3203,0.0264886553224
11396,0.464049
11397,0.5
11398,0.5
11400,0
3209,0.2657205
11403,0.32805
3211,0.405
11404,0.5
3212,0
11406,0.5
11412,0.49843094702
3221,0.5
3227,0.45
3229,0.4995
3230,0.495
3233,0.405
3235,0.499669398
3236,0.46437705
11429,1.0
3237,1.0
3238,0.55
11435,0.501552
11437,0.5
11438,0.55
11441,0.295245
11443,0.5
11444,0.470205
11445,1.0
11446,0.5
3257,0.5
11453,1.0
11455,1.0
3263,0.32805
3265,0.45
3266,0
11459,0.498127467636
11461,0.5
11462,0.5
11463,0.5
11464,0.55
11467,0.5
3275,0.499995
11468,0.49843094702
11469,0.5
11470,0.5
11472,0.6355
3281,0.406868805175
3283,0.488702925744
3284,0.5
11477,1.0
11479,1.0
3287,0.335262328086
11481,1.0
3289,0.489683437738
3290,0.369311955418
3291,0.450915899407
3292,0.477436629895
11485,0.5
11486,0.55
11487,0.5
11488,0.55
11490,0.5
3299,0.45
11493,0.5
3301,0.5
11494,0.5
3302,0.5
11496,0.5
3305,0.5
3307,0.497947743819
3308,0.500220721
3309,0.5
3310,0.5005
3313,0.5
3314,0.5
11507,0.497178
3315,0.504
3316,0.5005
11509,0.5
11510,0.5
3318,0.5
11513,0.47174777541
11515,0.5075047783
11516,0.500871385
11517,1.0
11518,0.55
11521,0.5
3329,0.5
11522,0.5
11523,1.0
11524,0.55
3335,0.5
3337,0.45
3338,0.5
11531,0.4776860709
11533,0.5
3341,0.215233605
11534,0.5
11535,0.5
3343,0.5
11536,0.5
3344,0.5
3345,0.32805
3346,0.5
11539,0.499999999908
11540,0.5
11541,0.5
11542,0.505375270836
11544,0.5
3353,0.499532157517
11547,0.5
3355,0.45
11548,0.5
3356,0.5
11550,0.5
3359,0.5
3361,0.49382316134
3362,0.5
3363,0.45
3364,0.5
11557,0.5
11558,0.55
11559,0.5
3367,0.23914845
11560,0.5
3368,0.5005
3369,0.45
11562,0.5
3370,0.5
3372,0.398409107879
11565,0.5
11566,0.5
11568,0.5
3377,0.5
3379,0.45
3380,0.5
3381,0.5
11574,0.5
3382,0.5
3385,0.5
3386,0.5
3387,0.45
3388,0.5002425
3390,0.5
11585,0.32805
3393,0.5
3394,0.5
11587,0.5
11588,0.462915
3396,0.495
11590,0
11593,0.502857919443
11594,0.5
11595,1.0
11596,0.595
11601,1.0
11602,0.55
11611,0.45
3419,0.45
11612,0.4295847555
11613,0.5
11614,0.5
11616,0
3425,0.45
11619,0.5
3427,0.5
11620,0.504045401911
3428,0
11622,0.5
11628,0.55
3437,0.500027680133
3443,0.5
3445,0.500628700951
11638,0
3446,0.50018638749
11640,0
3449,0.501418895546
3451,0.504347708234
3452,0.502308721483
3453,1.0
11646,0
3454,0.595
3461,0.45
3463,0.5
3464,0.67195
3467,0.45
3469,0.497385
3470,0.48645
3471,1.0
3472,0.595
3475,0.5221
3476,0.55
3477,1.0
3478,0.595
11681,1.0
3491,0.4995
11687,1.0
11689,1.0
3497,0.5
3499,0.5
3500,0.5
3503,0.5
3505,0.500000000001
3506,0.5
11699,0.5
3507,0.5
3508,0.5
11705,0.499881380765
11707,0.5
3515,0.5
11708,0.5
3517,0.5
3518,0.49995
11711,0.498785
11713,0.502310394053
3521,0.5
11714,0.55
11715,0.5
3523,0.493696854505
11716,0.55
3524,0.5
3525,0.5
3526,0.5
3529,0.49872285
3530,0.5
11723,0.45
3531,0.5
3532,0.5
11725,0.5
11726,0.5
3534,0.5
11729,0.45
11731,0.498645
3539,0.5
11732,0.49589722445
11733,0.5
3541,0.45
11734,0.5
3542,0.5
3543,0.5
3544,0.5
11737,0.5
11738,0.49595
11739,0.504110311285
3547,0.45
11740,0.503790932575
3548,0.5
3549,0.45
11742,0.595
3550,0.486214675155
3552,0.5
3555,0.5
3556,0.50023
3558,0.5
11753,0.5
11759,0.5
11761,0.5
3569,0.499950672067
11762,0.5
3571,0.5
3572,0.499991913454
11765,0.5
11767,0.505
3575,0.5
11768,0.5
11769,0.5
3577,0.496157877034
11770,0.5
3578,0.5
3579,0.5
3580,0.5
3583,0.5
3584,0.5
11777,0.505
3585,0.5
3586,0.5012425
11779,0.5
11780,0.5
3588,0.5
11783,0.5
11785,0.35752364981
3593,0.45
11786,0.5005
11787,0.45
3595,0.45
11788,0.5
3596,0.499823489518
3597,0.5
3598,0.5
11791,0.5
11792,0.5
11793,0.5
3601,0.45
11794,0.5
3602,0.5
3603,0.45
11796,0.5
3604,0.494689825043
3606,0.5
11801,0.5
3609,0.5
3610,0.495
11803,0.5
11804,0.5
3612,0.5
11805,0.5
11806,0.55
11809,0.5
11810,0.5
11811,0.5
11812,0.5
3620,0
11814,0.5
3622,0
3624,0
11817,0.5
11818,0.5
11820,0.5
3628,0
3630,0
3636,0
11831,0.5
11834,0
11837,0.5
11839,0.215233605
11840,0.5
11842,0
11845,0.45
11846,0.5
11847,0.5
11848,0.5
11850,0
11855,0.5
11857,0.215233605
11858,0.5
11860,0
11863,0.209578943955
11864,0.5
11865,0.215018371395
11866,0.241676426211
11868,0
11871,0.45
11872,0.5
11874,0.495
11881,0.505
3689,0.5
11882,0.55
11883,0.5
11884,0.55
11886,0
3695,0.5
11889,0.5
3697,0.5
11890,0.5005
3698,0
11892,0.5
11898,0.5
3715,0.5
3716,0
3721,0.5
3722,0
11915,0.5
3723,1.0
3724,0.5
11921,0.505565230827
11923,0.509066058691
11924,0.55
11927,0.500000000003
11929,0.4995
11930,0.55
11931,0.5
11932,0.55
3743,0.5
11939,0.4995
11941,0.5
3749,0.5
11942,0.999191345365
3751,0.5
3752,0
11945,0.499995
11947,0.510107821873
11948,0.505249666419
11949,0.513704681773
11950,0.546480964949
11953,0.49956174658
3761,1.0
11954,0.500000000063
11955,0.499446405
11956,0.501941910544
11958,0.55
3767,0.5
3769,0.5
3770,0.5
11963,0.5
11965,0.500393407995
3773,0.215233605
11966,0.55
11967,0.5
3775,0.45
11968,0.55
3776,0.5
3777,0.5
3778,0.5
11971,0.5
11972,0.5
11973,0.499332224724
11974,0.504553278846
11976,0.55
11979,0.5
3787,1.0
11980,0.5005
11982,0.55
3793,0.45
3794,0
3795,0.5
3796,0.5
3799,0.5
3800,0
11993,0.5
3801,0.5
3802,0.5
11995,0.45
11996,0.5
3804,0.5
11999,0.5
12001,0.373649144222
12002,0.5
12003,0.45
12004,0.50491901255
12007,0.4995
3815,1.0
12008,0.5
12009,0.5
12010,0.5004145
12012,0.5
3821,0.5
3823,0.5
3824,0.5
12017,0.5
12019,0.492935888096
12020,0.5
12021,0.45
12022,0.5
3830,0
3832,0
12025,0.494944165952
12026,0.5
12027,0.493915908173
12028,0.514426976536
12030,0.499778981171
3839,1.0
12033,0.5
3841,1.0
12034,0.5
12036,0.5
3845,0.5
3847,0.45
3848,0.5
3849,0.5
3850,0.5
12043,0.5
12044,0.5
12045,0.505
12046,0.5
3854,0
12048,0.5
3856,0
3858,0
12051,0.5
12052,0.5
12054,0.5005
3865,1.0
3867,1.0
12060,0.5
3871,0.5
3872,0
3873,0.45
3874,0.55
3876,0.5
12071,0.5
3880,0
12073,0.215233605
12074,0.5
3882,0
12076,0
12079,0.235702204202
12080,0.5
12081,0.215233605
12082,0.2545123015
12084,0
12087,0.45
12088,0.499845549738
12090,0.5
12097,0.505
3905,0.5
12098,0.5
12099,0.45
12100,0.5005
12102,0
3911,0.5
12105,0.50910272555
3913,0.5
12106,0.5
3914,0
12108,0.500439183237
12114,0.4992575
3923,0.000808654634961
3929,0.2657205
12123,1.0
3931,0.5
12124,0.5
3932,0.495
12126,0.5
3935,0.215233605
3937,0.5
3938,0.5
3939,1.0
12132,0.55
3940,0.5
3949,0.5
3950,0
3955,0.5
3956,0
3957,1.0
3958,0.5
3961,0.5
3962,0
12155,0.503365083685
3963,1.0
3964,0.5
12157,0.5
12158,0.595
12161,0.49831150722
12163,0.49905
12164,0.50538503944
12165,0.5
12166,0.501240029
12169,0.45
3977,0.5
12170,0.5
12171,0.45
12172,0.4905
12174,0.5
3983,0.4995
3985,0.5
3986,0.5
12179,0.49815
12181,0.5
3989,0.1937102445
12182,0.55
12183,0.5
3991,0.45
12184,0.5
3992,0.5
3993,0.5
3994,0.5
12187,0.49905
12188,0.498614616001
12189,0.4995
12190,0.50289317196
12192,0.55
4001,0.3645
12195,0.45
4003,0.499995
12196,0.495
4004,0.5
12198,0.55
4007,0.405
4009,0.492765084
4010,0.5
4011,0.5
4012,0.5
12205,0.5
12206,0.5
12207,0.5
4015,0.5
12208,0.55
4016,0.264834573732
4017,0.45
12210,0.5
4018,0.5
4020,0.5
12213,0.5
12214,0.5
12216,0.55
4027,0.45
4028,0
4029,0.5
12222,0.5
4030,0.5
4033,0.45
4034,0
4035,0.505
4036,0.5
4038,0.5
12233,0.5
4041,0.5
4042,0.5
12235,0.5
12236,0.5
4044,0.55
12237,0.5
12238,0.5
12241,0.5
12242,0.5
12243,0.5
12244,0.50095
12246,0.55
4055,0.505
12249,0.5
4057,0.5
12250,0.5
4058,0.55
12252,0.5
4061,0.295245
4063,0.45
4064,0.495
4065,0.5
4066,0.5
12259,0.505
12260,0.5
12261,0.5
12262,0.5005
4070,0
12264,0.5
4072,0
4074,0
12267,0.5
12268,0.5
12270,0.5
4079,0.5
4081,0.496600065009
4082,0.5
4083,0.45
12276,0.5
4084,0.5
4087,0.45
4088,0.5
4089,0.45
4090,0.494770408699
4092,0.5
12285,1.0
12286,0.55
12288,0.5
4096,0
4098,0
12294,0.5
4105,0.5
4106,0
4107,0.5
4108,0.5
4110,0.5
4113,0.5
4114,0.5
4116,0.5
12313,0.505
12314,0.5
4122,0
12315,0.5
12316,0.5
12318,0
12321,0.5
12322,0.5005
12324,0.5
12330,0.5
4139,0.5
4145,0.5
12339,1.0
4147,0.5023914845
12340,0.5
4148,0.5
12342,0.5
4151,0.5
4153,0.500000000006
4154,0.5
4155,1.0
12348,0.55
4156,0.55
4163,0.45
4165,0.5
4166,0.5
4169,0.45
4171,0.49945430705
4172,0.490745345
4173,1.0
4174,0.7342795
4177,0.5
4178,0.55
4179,1.0
4180,0.55
4189,0.45
4190,0
4191,1.0
4192,0.5
4195,0.5
4196,0
4197,1.0
4198,0.55
4203,1.0
4204,0.595
12401,1.0
12407,1.0
12409,1.0
4217,0.5
4219,0.5
4220,0.5
12413,1.0
12415,1.0
4223,0.5
12417,1.0
4225,0.5
4226,0.5
4227,0.505
4228,0.5
4231,0.5
4232,0.5
12425,0.45
4233,0.5
4234,0.500000000002
12427,0.5
12428,0.5
4236,0.5
12431,0.5
12433,0.45
4241,0.5
12434,0.5
12435,0.5
4243,0.5
12436,0.5
4244,0.5
4245,0.4995
4246,0.49995
12439,0.5
12440,0.55
12441,0.5
4249,0.5
12442,0.55
4250,0.5
4251,0.5
12444,0.5
4252,0.5
4254,0.5
4257,0.5
4258,0.5
12451,0.45
12452,0
4260,0.5
12453,0.5
12454,0.5
12457,0.5
12458,0
12459,0.5
4267,0.5
12460,0.5
4268,0
4269,0.5
12462,0.5
4270,0.5
4272,0.5
12465,0.5
12466,0.5
4275,0.5
12468,0.595
4276,0.5
4278,0.5
4284,0.5
12479,0.45
12481,0.5
12482,0.5
12485,0.5
12487,0.5
4295,0.5
12488,0.5
12489,0.5
4297,0.499614764368
12490,0.5
4298,0.5
4299,0.5
4300,0.5
12493,0.5
12494,0.5
12495,0.5
4303,0.45
12496,0.5
4304,0.5
4305,0.45
12498,0.5
4306,0.49748772148
4308,0.5
12503,0.5
4312,0
12505,0.45
12506,0.55
4314,0
12507,0.5
12508,0.5
12511,0.45
12512,0.5
12513,0.45
4321,0.45
12514,0.5
4322,0.5
4323,0.45
12516,0.5
4324,0.498185686079
4326,0.495
12519,0.5
12520,0.5
4329,0.5
12522,0.5
4330,0.5
4332,0.5
12529,0.5
12530,0
4338,0
12531,0.5
12532,0.5
12534,0.5
12537,0.5
12538,0.5
12540,0.5
4348,0
4350,0
12546,0.5
4356,0
12557,0.5
12559,0.5
12560,0.5
12562,0
12565,0.45
12566,0.5
12567,0.5
12568,0.5
12570,0
12574,0
12576,0
12583,0.5
12584,0.5
12585,0.5
12586,0.5
12588,0
12591,0.5
12592,0.495
12594,0.5
12600,0
12609,1.0
12610,0.5
12612,0.595
12618,0.5
4445,0.5
12641,0.45
4451,0.45
12643,0.5
12644,0.999794450842
4453,0.45
4454,0
12647,0.5
12649,0.45
12650,0.67195
12651,0.5
12652,0.55
12655,0.5
12656,0.82566077995
12657,0.5
12658,0.595
12660,0.5
12665,0.5
12667,0.45
12668,0.495
12669,0.45
12670,0.495
12673,0.45
12674,0.5
12675,0.45
12676,0.503627576968
12678,0.55
12681,0.5
12682,0.500301683112
12684,0.55
4499,0.5
12691,0.405
12692,0
12693,0.405
12694,0.46802205
12696,0.5
4505,0.45
4507,0.5
12699,0.5
4508,0
12700,0.5
12702,0.55
12708,0.5
4517,1.0
4523,0.4995
4525,0.5
4526,0.5
12719,0.5
4529,0.5
12721,0.45
12722,0.5011197954
4531,0.5
12723,0.5
4532,0.495
12724,0.5
4533,0.5
4534,0.5
12727,0.45
12728,0.5
12729,0.45
12730,0.5
12732,0.5
12735,0.5
12736,0.5
12738,0.5
12745,0.45
12746,0.5
12747,0.45
12748,0.500028840505
12750,0.5
4559,0.5
12753,0.45
4562,0
12754,0.495867188274
12756,0.493155
12762,0.5
4577,0.0914574308836
12771,1.0
4580,0
12772,0.5
12774,0.55
4583,0.5
4585,0.5
4586,0.5
4588,0
12780,0.5
4595,1.0
4601,0.5
4603,0.32805
4604,0.6355
4606,0
12799,0.5
12800,0.5
4609,0.5
12801,0.5
4610,0.5
12802,0.5
4611,0.45
4612,0.5
12804,0
4614,0
12807,0.5
12808,0.5
12810,0.5
12816,0
12825,1.0
12826,0.5
12828,0.5
12834,0.55
4661,0.5
4667,0.45
4669,0.4545
4670,0
4679,1.0
4685,0.5
4687,0.5
4688,0.5
12881,0.45
4691,0.5
12883,0.5
12884,0.5
4693,0.502683080597
12885,0.5
4694,0.5
12886,0.5
4695,1.0
4696,0.55
12889,0.45
12890,0.498856160377
12891,0.45
12892,0.495
12894,0.55
12897,0.5
12898,0.5
12900,0.5
4715,0.405
12907,0.5
12908,0.486
12909,0.5
12910,0.5
12912,0.5
4721,0.45
4723,0.5
12915,0.45
4724,0
12916,0.4905
12918,0.5
12924,0.5
4733,0.5
4739,0.49744802205
4741,0.45
12933,1.0
4742,0.5
12934,0.5
12936,0.55
4745,0.5
4747,0.5
4748,0.48645
4749,0.5
4750,0.5
12942,0.5
4757,0.5176
4759,0.5
4760,0.55
4763,0.4995
4765,0.5
4766,0.50338855
4767,0.5
4768,0.5
12961,0.5
12962,0.5
4771,0.5
12963,0.5
4772,0.5
12964,0.5
4773,0.5
4774,0.5
12966,0.5
4776,0.5
12969,0.5
12970,0.5
12972,0.5
12978,0.5
4793,0.0547094945658
12987,1.0
4796,0
12988,0.5
12990,0.5
4799,0.5
4801,0.45
4802,0.5
4804,0
12996,0.5
4811,0.0833859084983
4814,0
4817,0.5
4819,0.1937102445
4820,0.5
4822,0
4825,0.499999383718
4826,0.5
4827,0.5
4828,0.495
4830,0
4835,0.000530558305998
4837,0.5
4838,0.595
4840,0
4843,0.3645
4844,0.5
4845,0.5
4846,0.5
4848,0
13041,1.0
13042,0.55
4851,0.45
4852,0.5
13044,0.5
4854,0.5
13050,0.5
4877,0.45
4883,0.405
4885,0.5
4886,0
4895,1.0
4901,0.499924577192
4903,0.5
4904,0.55
4907,0.5
4909,0.5
4910,0.498587852318
4911,1.0
4912,0.55
4919,1.0
4921,1.0
4925,0.5
4927,0.5
4928,0.55
4929,1.0
4930,0.5
4933,0.5
4934,0.5
4935,1.0
4936,0.55
4949,0.5
4955,0.5
4957,0.5
4958,0.5
4961,0.5
4963,0.5
4964,0.5
4965,1.0
4966,0.5
4973,0.5
4975,0.5
4976,0.5
4979,0.5
4981,0.5
4982,0.5005
4983,0.5
4984,0.5
4987,0.499999981782
4988,0.5
4989,0.53562295
4990,0.509838219032
4992,0.595
4997,0.17433922005
4999,0.5
5000,0.5
13193,0.5
5001,0.5
5002,0.5
5005,0.5
5006,0.5
13199,0.45
5007,0.5
5008,0.5
13201,0.45
13202,0
5010,0.5
5013,0.5
5014,0.5
5016,0.595
5027,0.32805
5030,0
5033,0.5
5035,0.5
5036,0.5
5038,0
5041,0.5
5042,0.5
5043,1.0
5044,0.595
5051,0.114383962275
5053,0.5
5054,0.5
13247,0.5
5056,0
5059,0.5
5060,0.5
13253,0.295245
5061,0.5
5062,0.5
13255,0.5
13256,0
5064,0
5067,0.45
5068,0.499999948548
5070,0.595
13265,0.5
5078,0
13271,0.5
5080,0
13273,0.5
13274,0.5
5082,0
13277,0.5
5086,0
13279,0.5
13280,0.5
5088,0
13281,0.5
13282,0.5
5094,0
13309,0.5
13310,0
13327,0.00538763183215
13328,0
13333,0.156905298045
13334,0
13335,0.5
13336,0.5
5147,0.45
13345,0.32805
5153,0.45
13346,0
5155,0.5
5156,0
13351,0.2657205
13352,0
13353,0.5
13354,0.5
13357,0.405
5165,1.0
13358,0
13359,0.5
13360,0.5
13362,0.5
5171,0.45
5173,0.5
5174,0.5
5177,0.45
5179,0.5
5180,0.5
5181,1.0
5182,0.5
5201,0.5
5207,0.5
5209,0.5
5210,0
13409,0.45
5219,1.0
13415,0.45
13417,0.5
5225,0.5
13418,0
5227,0.5
5228,0.5
5231,0.5
5233,0.5
5234,0.5
13427,1.0
5235,0.5
5236,0.5
13433,0.545610655
13435,0.5
5243,1.0
13436,0.6355
5245,1.0
13439,1.0
13441,0.45
5249,0.5
13442,0.595
13443,0.2657205
5251,0.5
13444,0.5
5252,0.5
5253,0.5
5254,0.5
5257,0.5
5258,0.5
5259,0.5
5260,0.5
5262,0.5
13463,0.5
13469,0.5
13471,0.5
5279,0.5
13472,0
5282,0
5285,0.5
5287,0.5
5288,0.5
13481,0.215233605
5290,0
13487,0.5
13489,0.4995
5297,1.0
13490,0.5
13493,0.215233605
13495,0.405
5303,0.505
13496,0.5
13497,0.5
5305,0.215233605
13498,0.5
5306,0.5
5308,0
5311,0.45
5312,0.5
13505,0.5
5313,0.5
5314,0.5
13507,0.4982805
13508,0.595
5316,0
13511,0.45
13513,0.5
5321,1.0
13514,0.511023979
13515,0.49982566078
5323,1.0
13516,0.499827811078
13519,0.45
13520,0.5
13521,0.5
5329,0.505
13522,0.4905
5330,0.55
5331,0.5
13524,0.498256607799
5332,0.55
5334,0
5337,0.5
5338,0.5
5340,0.5
13543,0.0112641997725
13544,0
13549,0.17433922005
13550,0
13551,1.0
13552,0.5
5363,0.45
13561,0.0140862187275
5369,0.45
13562,0
5371,0.45
5372,0
13567,0.45
13568,0
13569,0.500393798095
13570,0.501863043044
13573,0.156905298045
5381,0.693952781725
13574,0
13575,0.156905298045
13576,0.212564226109
13578,0.998121448937
5387,0.499363778297
5389,0.580074728453
5390,0.608844073255
13585,0.5
5393,0.498758166986
13586,0
13587,6.45035039085e-05
5395,0.49936048475
13588,0.482805
5396,0.493637782973
5397,1.0
5398,0.595
13591,0.5
13592,0
13593,0.23914845
13594,0.5
13596,0.5
5405,0.5
13599,0.5
5407,0.5
13600,0.5
5408,0.784766395
13602,0.5
5411,0.5
5413,0.5
5414,0.5
5415,1.0
5416,0.6355
5419,0.505
5420,0.5
5421,1.0
5422,0.5
13625,0.5
5435,0.5
5441,0.5
13634,0
5443,0.5
5444,0.5
5447,0.5
5449,0.4995
5450,0.5
13643,1.0
5451,0.5
5452,0.495
13649,0.5
13651,0.45
5459,0.5
13652,0.5
5461,0.5
5462,0.5
5465,0.5
13658,0
5467,0.499202749783
13660,0
5468,0.5
5469,0.45
5470,0.500530205764
5473,0.5
5474,0.5
13667,1.0
5475,0.5
5476,0.5
13669,1.0
5478,0.5
13673,1.0
13675,0.5
5483,0.5
13676,0.595
13677,0.45
5485,0.50005
13678,0.5
5486,0.5
5487,0.5
5488,0.5
5491,0.5
13684,0
5492,0.5
5493,0.5
13686,0
5494,0.500005
5496,0.5
5499,0.5
5500,0.5
5502,0.5
13697,0.5
13703,0.5
13705,0.45
5513,0.5
13706,0.5
5516,0
5519,0.5
13712,0
5521,0.215233605
13714,0
5522,0.5
5524,0
5527,0.45
5528,0.5
13721,0.45
5529,0.5
5530,0.5
13723,0.4986
13724,0.5
5532,0
13727,0.5
13729,0.32805
5537,0.5
13730,0.5
13731,0.45
5539,0.45
13732,0.4867416
5540,0.5
5542,0
13736,0
5545,0.500031702938
13738,0
5546,0.5005
5547,0.405
13740,0
5548,0.50005319135
5550,0
13745,0.5
5553,0.405
5554,0.499996564096
13747,0.5
13748,0.5
5556,0.5
13749,0.5
13750,0.5
13753,0.5
13754,0.5
13755,0.5
5563,0.5
13756,0.5
5564,0.5
5565,0.5
13758,0.5
5566,0.5
5568,0
13762,0
5571,0.5
13764,0
5572,0.5005
5574,0.5
5580,0.5
13777,0.405
13778,0
13783,0.5
13784,0
13785,1.0
13786,0.5
5597,0.5
13790,0
13792,0
5603,0.4997342795
5605,0.500885735
5606,0.497342795
13801,0.215233605
5609,0.5
13802,0
13803,0.405
5611,0.5
13804,0.486
5612,0.5
5613,1.0
5614,0.55
13807,0.5
13808,0
13809,0.5
13810,0.5
13812,0.997136791551
5621,0.50405
5623,0.5
13816,0
5624,0.784766395
13818,0
5627,0.4981399565
5629,0.502635669981
5630,0.502315967761
5631,1.0
5632,0.67195
13826,0
5635,0.5
13828,0
5636,0.5
5637,1.0
13830,0
5638,0.55
13834,0
13836,0
5645,0.45
5647,0.505
5648,0.55
5649,1.0
13842,0
5650,0.55
5653,0.5
5654,0.497342795
5655,1.0
5656,0.55
5661,1.0
5662,0.595
5675,0.5
5677,0.5
5678,0.5
5681,0.5
5683,0.5
5684,0.5
5685,0.5
5686,0.5
5689,0.5
5690,0.5
5691,0.5
5692,0.5
5694,0.5
5699,0.5
5701,0.5
5702,0.5
13895,0.45
5703,0.5
5704,0.5
5707,0.5
5708,0.5
13901,0.295245
5709,0.5
5710,0.5
13903,0.5
13904,0
5712,0.5
5715,0.5
5716,0.5
5718,0.5
13913,0.5
5725,0.5
5726,0.5
13919,0.5
5727,0.5
5728,0.5005
13921,0.499907348991
13922,0.5
5730,0.5
13925,1.0
5733,0.5
5734,0.5
13927,0.5
13928,0.5
5736,0.5
13929,0.5
13930,0.5
5742,0.5
5753,0.5
5755,0.5
5756,0.5
13949,0.5
5758,0
5761,0.5
5762,0.5
13955,0.2657205
5763,0.5
5764,0.5
13957,0.5
13958,0
5766,0
5769,0.5
5770,0.5
5772,0.5
13967,0.295245
5779,0.5
5780,0.5
13973,0.45
5781,0.5
5782,0.5
13975,0.5
13976,0.5
5784,0
13979,0.2657205
5787,0.5
5788,0.5
13981,0.40463574824
13982,0.34072181019
5790,0.5
13983,0.5
13984,0.5
5796,0.5
13991,0.5
13993,0.5
13994,0.5
13997,0.5
5806,0
13999,0.5
14000,0.5
5808,0
14001,0.5
14002,0.5
14005,0.5
14006,0.5
5814,0
14007,0.5
14008,0.5
14010,0.5
14029,0.45
14030,0
14035,0.5
14036,0
14037,0.5
14038,0.5
5849,1.0
14047,0.45
5855,1.0
14048,0
5857,1.0
14053,0.5
14054,0
14055,0.5
14056,0.5
14059,0.5
5867,1.0
14060,0
14061,0.5
14062,0.5
14064,0.5
5873,0.5
5875,0.5
5876,0.5
14071,0.45
5879,0.45
14072,0
14073,0.5
5881,0.5
14074,0.5
5882,0.5
5883,1.0
5884,0.5
14077,0.5
14078,0
14079,0.5
14080,0.5
14082,0.5
14085,0.5
5893,1.0
14086,0.5
14088,0.5
5899,0.5
5900,0
5901,1.0
5902,0.5
5905,0.5
5906,0
5907,1.0
5908,0.5
14111,0.45
5921,1.0
14117,0.5
14119,0.5
5927,0.5
14120,0
5929,0.5
5930,0.5
5933,0.5
5935,0.5
5936,0.5
14129,0.504350268708
5937,0.5
5938,0.5
14135,0.499907700328
14137,0.5
5945,1.0
14138,0.494952654674
5947,1.0
14141,1.0
14143,0.405
5951,0.5
14144,0.55
14145,0.45
5953,0.5
14146,0.5
5954,0.5
5955,0.5
5956,0.5
5959,0.45
5960,0.5
14153,0.5
5961,0.5
5962,0.5
14155,0.5
14156,0.67195
5964,0.5
14159,1.0
14161,0.5
14162,0.5
14163,0.498542
5971,1.0
14164,0.5
5973,1.0
14167,1.0
14169,0.45
5977,0.45
14170,0.55
5978,0
5979,0.5
14172,0.5
5980,0.5
5982,0.5
5985,0.5
5986,0.5
5988,0.5
14183,0.45
14189,0.5
14191,0.499517181222
5999,1.0
14192,0.5
14195,0.5
14197,0.32805
6005,0.5
14198,0.5
14199,0.5
6007,0.5
14200,0.5
6008,0.5
6010,0
6014,0
14207,0.45
6016,0
14209,0.5
14210,0.507830483935
6018,0
14213,0.5
14215,0.447812495143
6023,1.0
14216,0.4957210125
14217,0.5
6025,1.0
14218,0.49995809262
14221,0.405
14222,0.5
14223,0.3645
6031,0.5
14224,0.420144065303
6032,0.5
6033,0.5
14226,0.5
6034,0.5
6036,0
14231,0.5
6040,0
14233,0.5
14234,0.5
6042,0
14235,0.5
14236,0.5
14239,0.5
14240,0.5
14241,0.49955
6049,1.0
14242,0.5
6051,1.0
14244,0.5
14247,0.5
14248,0.5
6057,0.5
14250,0.4955
6058,0.55
6060,0.5
6066,0
14263,0.45
14264,0
14269,0.405
14270,0
14271,0.50215233605
14272,0.5
14275,0.5
6083,0.5
14276,0
14277,0.5
14278,0.5
14280,0.55
6089,0.5006895809
6091,0.5
6092,0.55
14287,0.5
6095,0.5
14288,0
14289,0.499510494035
6097,0.5
14290,0.498932760042
6098,0.55
6099,1.0
6100,0.5
14293,0.5
14294,0
14295,0.5
14296,0.5
14298,0.5
6107,0.45
14301,0.5
6109,0.5
14302,0.5
6110,0.784766395
14304,0.5
6113,0.45
6115,0.502889505307
6116,0.501468823714
6117,1.0
6118,0.6355
14311,0.5
14312,0
14313,0.5
6121,0.502175325151
14314,0.5
6122,0.499073489906
6123,1.0
14316,0.5
6124,0.55
14319,0.5
14320,0.5
14322,0.5
6133,0.45
6134,0
6135,1.0
14328,0.5
6136,0.5
6139,0.5
6140,0
6141,1.0
6142,0.55
6147,1.0
6148,0.55
14345,0.5
14351,0.5
14353,0.45
6161,0.51404382055
14354,0.5
6163,0.5
6164,0.55
6167,0.5
14360,0
6169,0.5
14362,0
6170,0.5
6171,0.5
6172,0.5
6175,0.45
6176,0.5
14369,0.54073
6177,0.5
6178,0.5
14371,0.5
14372,0.76085155
6180,0.5
14375,1.0
14377,0.0926510094426
6185,0.5
14378,0.55
14379,0.5
6187,0.513125155
14380,0.5
6188,0.55
6189,0.5
6190,0.55
6193,0.49727257295
14386,0
6194,0.495
6195,0.504
14388,0
6196,0.5
6198,0.5
14393,1.0
6201,0.5
6202,0.500163414895
14395,0.5
14396,0.67195
6204,0.55
14397,0.5
14398,0.5
14401,1.0
14403,0.5
6211,0.45
14404,0.5
6212,0
6213,0.5
14406,0.496355
6214,0.55
6216,0.5
6219,0.5290255
14412,0
6220,0.501363595
6222,0.55
6228,0.595
14423,0.5
14425,0.5
14426,0.5
14429,0.5
14431,0.45
6239,0.5
14432,0.5
14433,0.5
6241,0.5
14434,0.5
6242,0.595
6244,0
14438,0
6247,0.45
14440,0
6248,0.5
6249,0.45
14442,0
6250,0.5
6252,0
14447,0.45
6256,0
14449,0.49795228
14450,0.50169205
6258,0
14451,0.499939211673
14452,0.5
14455,0.45
14456,0.5
14457,0.45
6265,0.53562295
14458,0.49156258771
6266,0.595
6267,0.5
14460,0.5
6268,0.55
6270,0
14464,0
6273,0.45
14466,0
6274,0.5047895305
6276,0.495
14473,0.5
14474,0.5
6282,0
14475,0.5
14476,0.5
14478,0.5
14481,0.5
14482,0.5
6291,1.0
14484,0.5
6292,0.595
6294,0.5
14490,0
6300,0.595
14503,0.5
14504,0
14505,0.5
14506,0.5
14509,0.5
14510,0
14511,0.5
14512,0.5
14514,0.55
6323,0.5
6325,0.5
14518,0
6326,0.5
14520,0
6329,0.5
6331,0.5
6332,0.5
6333,1.0
6334,0.55
14527,0.5
14528,0
14529,0.5
6337,0.5
14530,0.5
6338,0.5
6339,1.0
14532,0.499860935805
6340,0.6355
14535,0.5
14536,0.5
14538,0.5
6347,0.405
6349,0.5
6350,0.5
6351,1.0
14544,0
6352,0.5
6355,0.5
6356,0.5
6357,1.0
6358,0.55
14554,0
6363,1.0
14556,0
6364,0.55
14562,0
6373,0.5
6374,0
6375,1.0
6376,0.5
6381,1.0
6382,0.5
6401,0.5
6403,0.5
6404,0.5
14597,1.0
6405,0.5
6406,0.5
6409,0.5
6410,0.5
14603,1.0
6411,0.5
6412,0.5
14605,1.0
6414,0.55
6417,0.5
6418,0.5
6420,0.5
14615,0.156905298045
6427,0.5
6428,0.5
14621,0.5
6429,0.5095
6430,0.5014
14623,0.499937203205
14624,0.55
6432,0.55
14627,1.0
6435,0.5
6436,0.5
14629,0.5
14630,0.5
6438,0.5
14631,0.5
14632,0.55
6444,0.5
14641,0.405
14642,0
6453,1.0
6454,0.5
14647,0.5
14648,0
6456,0.55
14649,0.5
14650,0.499073489906
14653,1.0
6462,0.55
14655,0.5
14656,0.5
14658,0.5
14669,0.405
6481,0.5
6482,0.5
14675,0.5
6483,0.45
6484,0.499898622202
14677,0.5
14678,0.5
6486,0
14681,0.5
6489,0.5
6490,0.5
14683,0.5
14684,0.5
6492,0.5
14685,0.45
14686,0.5
6498,0
14693,0.2657205
14695,0.5
14696,0.5
14699,0.5
6507,1.0
6508,0.595
14701,0.5
14702,0.5
6510,0.5
14703,0.498785
14704,0.5
14707,0.32805
14708,0.5
6516,0.5
14709,0.23914845
14710,0.5
14712,0.5
14719,0.5
14720,0
14721,0.5
14722,0.5
14725,0.5
14726,0
14727,0.498785
14728,0.5
14730,0.5
14733,0.45
14734,0.5
14736,0.49595
14749,0.5
14750,0
14755,0.5
14756,0
14757,0.45
14758,0.5
14762,0
14764,0
14766,0
14773,0.5
14774,0
14775,0.5
14776,0.5
14779,0.5
14780,0
14781,0.5
14782,0.5
14784,0.49595
14788,0
14790,0
14797,0.5
14798,0
14799,0.5
14800,0.5
14802,0.5
14805,0.5
14806,0.5
14808,0.5
14814,0
14831,0.5
14837,0.5
14839,0.499924577192
14840,0.55
14843,1.0
14845,0.5
14846,0.5
14847,0.45
14848,0.55
14855,0.2657205
14857,0.5
14858,0.5
14861,1.0
14863,0.514351160923
14864,0.55
14865,0.49919
14866,0.500611264888
14869,1.0
14871,0.23914845
14872,0.55
14874,0.4967195
14881,0.5
14882,0
14883,0.5
14884,0.5
14887,1.0
14889,0.505937705
14890,0.55
14892,0.5
14895,1.0
14898,0.55
6713,0.5
14909,0.23914845
14911,0.5
6719,0.5
14912,0.5
6721,0.5
6722,0
14915,0.5
14917,0.5
14918,0.5
14919,0.4995
14920,0.500190902465
14923,0.5
14924,0.5
14925,0.23914845
14926,0.5
14928,0.495
14933,0.23914845
14935,0.400031088265
14936,0.325906387722
14937,0.5
14938,0.5
14941,0.5
14942,0.5
14943,0.363567385535
14944,0.500005
14946,0.5
14949,0.215233605
14950,0.5
14952,0.292470649425
14959,0.5
6767,0.5
14960,0
14961,0.505
14962,0.5005
14964,0.5
6773,0.5
14967,0.5
6775,0.5
14968,0.5
6776,0
14970,0.5005
14976,0.5
6785,0.5
6791,0.5
6793,0.5
6794,0.6355
14989,0.5
6797,0.45
14990,0
14991,0.5
6799,0.5053439345
14992,0.5
6800,0.55
6801,0.5
6802,0.55
14995,0.5
14996,0
14997,0.295245
14998,0.5
15000,0.5
15004,0
15006,0
15013,0.5
15014,0
15015,0.501937102445
15016,0.5
15018,0.5
15021,0.45
15022,0.5
15024,0.500193710244
15030,0
15039,1.0
15040,0.5
15042,0.55
15048,0.5
6875,0.5
15071,0.5
15073,0.5
6881,0.45
15074,0.5
6883,0.45
6884,0
15077,1.0
15079,0.5
15080,0.55
15081,0.3645
15082,0.498587852318
15088,0
15090,0
15095,1.0
15097,0.500000008715
15098,0.964105100615
15099,0.5
15100,0.5
15103,1.0
15105,0.5
15106,0.6355
15108,0.5
15114,0
15121,1.0
6929,0.3645
15123,0.5
15124,0.945290505434
15126,0.5
6935,0.32805
15129,1.0
6937,0.45
6938,0
15132,0.55
6947,0.53562295
6953,0.50712979222
6955,0.507662305608
6956,0.55
15149,0.5
15151,0.5
6959,0.5
15152,0.5
15153,0.5
6961,0.50265
15154,0.5
6962,0.55
6963,0.501218437438
6964,0.55
15157,0.5
15158,0.5
15159,0.5
15160,0.5
15162,0.5
15166,0
15168,0
15175,0.5
6983,0.45
15176,0.5
15177,0.505
15178,0.5
15180,0.5
6989,0.405
15183,0.5
6991,0.5
15184,0.5
6992,0
15186,0.5005
15192,0
7001,0.45
7007,0.0833859084983
15201,1.0
7009,0.504529754165
15202,0.5
7010,0.970925131498
15204,0.55
7013,0.5
7015,0.28113074885
7016,0.55
7017,0.5
15210,0.5
7018,0.988735800228
7025,0.5
7027,0.5
7028,0.595
7031,0.5
7033,0.295245
7034,0.55
7035,0.5
7036,0.988735800228
15229,0.5
15230,0
15231,0.5
7039,0.45
15232,0.5
7040,0.5
7041,0.45
15234,0.5
7042,0.55
7044,0.55
15237,0.5
15238,0.5
15240,0.5
15246,0
15255,1.0
15256,0.5
15258,0.55
15264,0.5
7091,0.5
7097,0.5
7099,0.45
7100,0
7109,1.0
7115,0.5
7117,0.505
7118,0.5
7121,1.0
7123,0.5
7124,0.5
7125,0.5
7126,0.55
7145,0.5
7151,0.5
7153,0.5
7154,0
15353,0.5
7163,0.5
15359,0.45
15361,0.5
7169,0.51355
15362,0
7171,0.50374188
7172,0.55
7175,0.45
7177,0.45
7178,0.55
15371,1.0
7179,0.45
7180,0.55
15377,0.499892432701
15379,0.499897054434
7187,0.5
15380,0.55
7189,0.5
7190,0.595
15383,0.5
15385,0.498223388298
7193,0.5
15386,0.498729067086
15387,0.5
7195,0.5
15388,0.49897054434
7196,0.55
7197,0.5
7198,0.55
7201,0.5
7202,0.5
7203,0.5
7204,0.5
7206,0.55
15407,0.5
7217,0.5
15413,0.5
15415,0.5
7223,0.405
15416,0
7225,0.5
7226,0.5
7229,0.5
7231,0.5
7232,0.5
15425,0.5
7233,1.0
7234,0.5
15431,0.5
15433,0.5
7241,0.5
15434,0.5
7243,0.5
7244,0.5
15437,0.215233605
15439,0.5
7247,0.5
15440,0.5
15441,0.5
7249,0.45
15442,0.5
7250,0.55
7251,0.45
7252,0.978804420862
7255,0.45
7256,0.5
15449,0.5
7257,0.5
7258,0.5
15451,0.5
15452,0.5
7260,0.5
15455,0.5
15457,0.5
15458,0.5
15459,0.5
15460,0.5
7268,0
7270,0
15463,0.5
15464,0.5
15465,0.5
15466,0.5
7274,0
15468,0.5
7276,0
7278,0
7282,0
7284,0
15487,0.5
15488,0
15493,0.5
15494,0
15495,1.0
15496,0.5
15505,0.5
15506,0
15511,0.3645
15512,0
15513,0.5
15514,0.5
15517,0.156905298045
15518,0
15519,0.5
15520,0.5
15522,0.5
15529,0.156905298045
15530,0
15531,0.0750473176485
15532,0.5
15535,0.23914845
15536,0
15537,0.5
15538,0.5
15540,0.5
15543,0.5
15544,0.499999975391
15546,0.5
7361,0.45
7367,0.45
7369,0.45
7370,0
15569,0.5
15575,0.405
15577,0.45
15578,0
15587,1.0
15593,0.4987575
15595,0.4995
15596,0.5
15599,0.215233605
15601,0.5
15602,0.478305
15603,0.45
15604,0.495
7415,0.23914845
15611,1.0
15613,1.0
7421,0.32805
7423,0.45
7424,0
15617,0.5
15619,0.49981352121
15620,0.55
15621,0.500000000003
15622,0.55
15625,0.45
7433,0.5
15626,0.595
15627,0.45
15628,0.497594607075
15630,0.5
7439,0.5
7441,0.5
7442,0.5
7445,0.5
7447,0.5
7448,0.5
15641,0.5
7449,0.4995
7450,0.5
15647,0.5
15649,0.5
15650,0.5
15653,0.23914845
15655,0.5
15656,0.5
15657,1.0
15658,0.5
7469,0.5
15665,0.5
15667,0.4995
7475,0.5
15668,0.55
7477,0.5
7478,0
15671,0.5
15673,0.402503558771
15674,0.5
15675,0.5095
15676,0.501290245
15679,0.405
7487,0.45
15680,0.274433900416
15681,0.5
15682,0.5
15684,0.55
7493,0.3645
7495,0.5
7496,0.5
15689,0.45
15691,0.5
7499,0.5
15692,0.5
15693,0.505
7501,0.2657205
15694,0.5
7502,0.5
7503,0.3645
7504,0.5
15697,0.5
15698,0.495
15699,0.5
15700,0.5037085
15702,0.5
7511,0.5
15705,0.5
7513,0.5095
15706,0.5
7514,0.55
15708,0.5
7517,0.5
7519,0.4995
7520,0.5
7521,0.498305422781
7522,0.5
7525,0.5
7526,0.5
7527,0.5
7528,0.5
15721,0.45
15722,0
7530,0.498587852318
15727,0.405
15728,0
15729,1.0
15730,0.5
15733,0.156905298045
15734,0
15735,1.0
15736,0.55
15745,0.295245
15746,0
15747,0.5
15748,0.495
15751,0.3645
15752,0
15753,0.501015946526
15754,0.503451822508
15756,0.784766395
15759,0.156905298045
15760,0.205502449885
15762,0.67195
15769,0.5
7577,0.00318134272057
15770,0
15771,0.215233605
15772,0.5
15774,0.5
7583,0.3645
15777,0.295245
7585,0.45
15778,0.5
7586,0
15780,0.5
15786,0.5
7595,0.5
7601,0.45
7603,0.49898795
7604,0.5
7607,1.0
7609,0.4997575
7610,0.5
15803,1.0
7611,0.50405
7612,0.4898795
15809,0.5
15811,0.45
15812,0.5
15818,0
15820,0
7631,0.32805
15827,1.0
15829,1.0
7637,0.32805
7639,0.45
7640,0
15833,0.5
15835,0.096997600009
15836,0.55
15837,0.45
15838,0.5
7649,0.507812839823
15842,0
15844,0
15846,0
7655,0.436253675281
7657,0.498668875752
7658,0.505894009948
15851,1.0
15853,1.0
7661,0.5095
15855,1.0
7663,0.489913085942
7664,0.5014
7665,0.49807894117
7666,0.496900286168
15859,0.5
15860,0.5
15861,0.5
15862,0.595
15864,0.8062897555
7673,0.45
7675,0.5
15868,0
7676,0.50983822
15870,0
7679,0.5
7681,0.497834883032
7682,0.501547834117
7683,0.5
7684,0.5005
7687,0.5
7688,0.55
15881,0.5
7689,0.4995
7690,0.500355
15883,0.5
15884,0.5
7692,0.500405
15887,0.5
15889,0.32805
15890,0.5
15891,1.0
15892,0.5
7703,0.45
15896,0
15898,0
7709,0.3645
7711,0.49880264312
7712,0.495
15905,0.5
15907,0.333204940348
7715,0.215233605
15908,0.595
15909,0.5
7717,0.2657205
15910,0.55
7718,0.5
7719,0.5
7720,0.5
15913,0.32805
15914,0.5
15915,0.32805
15916,0.362460402362
15918,0.55
7727,0.3645
7729,0.498450878972
15922,0
7730,0.546871653087
15924,0
7733,0.3645
7735,0.333618236844
7736,0.399750294244
7737,0.498453832104
7738,0.500043195618
15931,0.5
15932,0.5
15933,0.5
7741,0.2229394995
15934,0.55
7742,0.5
7743,0.2657205
15936,0.5
7744,0.301124136751
7746,0.5
15939,0.5
15940,0.5
15942,0.5
7751,0.5
7753,0.45
7754,0.5
7755,0.45
15948,0
7756,0.5014
7759,0.45
7760,0.5
7761,0.45
7762,0.4904595
7764,0.5
7767,0.5
7768,0.5
15961,0.215233605
15962,0
7770,0.5
15963,1.0
15964,0.5
15967,0.5
15968,0
15969,1.0
15970,0.6355
15976,0
15985,0.215233605
7793,0.45
15986,0
15987,0.215233605
15988,0.268513870875
15990,0.5
7799,0.5
15993,0.5
7801,0.5
15994,0.5
7802,0
15996,0.7342795
16002,0
7811,0.5
7817,0.5
7819,0.49865978205
16012,0
7820,0.5
16014,0
7823,1.0
7825,0.45
7826,0.5
7827,0.45
16020,0
7828,0.4905
7835,0.5
7837,0.4995
7838,0.5
7841,1.0
7843,0.5
7844,0.5
7845,0.5
7846,0.500455
7849,1.0
7851,0.5
7852,0.5
7854,0.55
16055,1.0
7865,0.5
16061,1.0
16063,1.0
7871,0.5
7873,0.4995
7874,0.495
7877,0.5
7879,0.5
7880,0.5
16073,0.5
7881,0.45
7882,0.5
16079,0.499608148546
16081,0.509010401688
7889,0.5
16082,0.55
7891,0.5
7892,0.501323
16085,0.5
16087,0.509271308111
7895,0.5
16088,0.55
16089,0.500173356034
7897,0.494181929179
16090,0.55
7898,0.502615
7899,0.5
7900,0.502615
7903,0.45
7904,0.5
16097,0.45
7905,0.5
7906,0.5
16099,0.50355
16100,0.5
7908,0.501363595
16103,0.45
16105,0.5
7913,0.5
16106,0.494458300149
16107,0.49822853
7915,0.45
16108,0.500789990536
7916,0.5
7917,0.5
7918,0.5
16111,0.499937203205
16112,0.55
16113,0.498856160377
7921,0.5
16114,0.5015231962
7922,0.5
7923,0.5
16116,0.5
7924,0.5
7926,0.5
7929,0.5
7930,0.5
7932,0.5
16127,0.5
16133,0.5
16135,0.5
7943,0.5
16136,0.5
7945,0.5
7946,0.5
16139,0.5
16141,0.4995
7949,0.5
16142,0.5
16143,0.5
7951,0.5
16144,0.5
7952,0.5
7953,0.49979352551
7954,0.5
7957,0.5
7958,0.5
16151,0.5
7959,0.5
7960,0.5
16153,0.5
16154,0.5
7962,0.55
16157,0.45
16159,0.461876772866
7967,0.5
16160,0.5
16161,0.5
7969,0.5
16162,0.5
7970,0.5
7971,0.45
7972,0.5
16165,0.444961629176
16166,0.5
16167,0.5
7975,0.5
16168,0.5
7976,0.5
7977,0.5
16170,0.500084197912
7978,0.5
7980,0.499831826854
16175,0.5
7983,0.5
7984,0.495
16177,0.5
16178,0.5
7986,0.5
16179,0.5
16180,0.5
16183,0.5
16184,0.5
16185,0.5
16186,0.5
7994,0
16188,0.5
7996,0
7998,0
16191,0.5
16192,0.5
16194,0.5
8002,0
8004,0
8010,0
16207,0.5
16208,0
16213,0.3645
16214,0
16215,0.5
16216,0.5
16219,0.5
16220,0
16221,0.45
16222,0.495
16224,0.5
16231,0.5
16232,0
16233,0.5
16234,0.5
16237,0.5
16238,0
16239,0.5
16240,0.5
16242,0.5
16245,0.5
16246,0.5
16248,0.5
16255,0.405
8063,0.5
16256,0
16257,0.508640927161
16258,0.503328221138
16260,0.5
8069,0.5
16263,0.5
8071,0.45
16264,0.5
8072,0
16266,0.500864092716
16272,0.5
8089,0.5
8090,0
8095,0.45
8096,0
16289,0.5
8097,0.5
8098,0.5
16295,0.504146173064
16297,0.49920644705
16298,0.55
16301,0.45
16303,0.5
16304,0.55
16305,0.45
16306,0.55
8117,0.5
16313,0.4979475
16315,0.499818250895
8123,0.5
16316,0.988735800228
8125,0.5
8126,0
16319,0.499429638043
16321,0.516403229541
16322,0.502360799287
16323,0.5
16324,0.506665844517
16327,0.405
8135,0.32805
16328,0.7342795
16329,0.45
16330,0.509815049492
16332,0.5005561586
8141,0.5
8143,0.5
8144,0.5
16337,0.5
16339,0.5
8147,0.215233605
16340,0.55
16341,0.499630682914
8149,0.45
16342,0.5
8150,0.5
8151,0.5
8152,0.5
16345,0.504649045868
16346,0.55
16347,0.499218542577
16348,0.505006009316
16350,0.500000000077
16353,0.45
8161,0.5
16354,0.55
8162,0
16356,0.495351351023
8167,0.45
8168,0
8169,0.5
8170,0.5
8173,0.5
8174,0
16367,0.5
8175,0.5
8176,0.5
16369,0.5
16370,0.5
8178,0.5
16373,0.5
16375,0.453684740403
16376,0.5
16377,0.5
16378,0.5
16381,0.405
8189,0.45
16382,0.495
16383,0.5

